Run_ID	MOF	Mass_Uptake	CO2	O2	N2
0	FIDRIV	23.3824780967	0.0	0.0	1.0
1	FIDRIV	25.8502035983	0.0	0.01	0.99
2	FIDRIV	20.9426861314	0.0	0.02	0.98
3	FIDRIV	25.0717647723	0.0	0.03	0.97
4	FIDRIV	24.4318751028	0.0	0.04	0.96
5	FIDRIV	23.5487642041	0.0	0.05	0.95
6	FIDRIV	25.437689022	0.0	0.06	0.94
7	FIDRIV	22.7331237923	0.0	0.07	0.93
8	FIDRIV	22.1954333486	0.0	0.08	0.92
9	FIDRIV	21.396977519	0.0	0.09	0.91
10	FIDRIV	24.360552567	0.0	0.1	0.9
11	FIDRIV	21.927696085	0.0	0.11	0.89
12	FIDRIV	20.0663838002	0.0	0.12	0.88
13	FIDRIV	25.4034613805	0.0	0.13	0.87
14	FIDRIV	20.8840351476	0.0	0.14	0.86
15	FIDRIV	23.7192376632	0.0	0.15	0.85
16	FIDRIV	24.2008364506	0.0	0.16	0.84
17	FIDRIV	21.6962991072	0.0	0.17	0.83
18	FIDRIV	24.2185317749	0.0	0.18	0.82
19	FIDRIV	21.4622672281	0.0	0.19	0.81
20	FIDRIV	24.3155703677	0.0	0.2	0.8
21	FIDRIV	22.6612590892	0.0	0.21	0.79
22	FIDRIV	25.0737433476	0.0	0.22	0.78
23	FIDRIV	21.2008296601	0.0	0.23	0.77
24	FIDRIV	23.3261114562	0.0	0.24	0.76
25	FIDRIV	21.4717598483	0.0	0.25	0.75
26	FIDRIV	23.3355558669	0.0	0.26	0.74
27	FIDRIV	25.4566692797	0.0	0.27	0.73
28	FIDRIV	19.1574215197	0.0	0.28	0.72
29	FIDRIV	22.7214413575	0.0	0.29	0.71
30	FIDRIV	18.1747727388	0.0	0.3	0.7
31	FIDRIV	123.5935287935	0.01	0.0	0.99
32	FIDRIV	122.165919934	0.01	0.01	0.98
33	FIDRIV	122.1591495185	0.01	0.02	0.97
34	FIDRIV	121.5336744261	0.01	0.03	0.96
35	FIDRIV	121.7366231298	0.01	0.04	0.95
36	FIDRIV	122.9893732633	0.01	0.05	0.94
37	FIDRIV	122.3273640878	0.01	0.06	0.93
38	FIDRIV	122.3016960149	0.01	0.07	0.92
39	FIDRIV	123.9405579408	0.01	0.08	0.91
40	FIDRIV	123.4006445969	0.01	0.09	0.9
41	FIDRIV	123.0178033668	0.01	0.1	0.89
42	FIDRIV	122.9039472524	0.01	0.11	0.88
43	FIDRIV	122.1088937817	0.01	0.12	0.87
44	FIDRIV	122.7548613128	0.01	0.13	0.86
45	FIDRIV	122.4353158228	0.01	0.14	0.85
46	FIDRIV	123.082318519	0.01	0.15	0.84
47	FIDRIV	122.0322673523	0.01	0.16	0.83
48	FIDRIV	122.4182823713	0.01	0.17	0.82
49	FIDRIV	122.7159981332	0.01	0.18	0.81
50	FIDRIV	124.1782712757	0.01	0.19	0.8
51	FIDRIV	123.4072418083	0.01	0.2	0.79
52	FIDRIV	122.0138412097	0.01	0.21	0.78
53	FIDRIV	124.202146937	0.01	0.22	0.77
54	FIDRIV	122.1046626022	0.01	0.23	0.76
55	FIDRIV	122.1678072415	0.01	0.24	0.75
56	FIDRIV	123.4097371647	0.01	0.25	0.74
57	FIDRIV	122.8482675711	0.01	0.26	0.73
58	FIDRIV	123.997253035	0.01	0.27	0.72
59	FIDRIV	122.1270079051	0.01	0.28	0.71
60	FIDRIV	122.6012993172	0.01	0.29	0.7
61	FIDRIV	123.1059060448	0.01	0.3	0.69
62	FIDRIV	133.6913855435	0.02	0.0	0.98
63	FIDRIV	129.5584485117	0.02	0.01	0.97
64	FIDRIV	130.0399564509	0.02	0.02	0.96
65	FIDRIV	132.8749424635	0.02	0.03	0.95
66	FIDRIV	131.8504338117	0.02	0.04	0.94
67	FIDRIV	131.0880269871	0.02	0.05	0.93
68	FIDRIV	130.4281043304	0.02	0.06	0.92
69	FIDRIV	131.9290478571	0.02	0.07	0.91
70	FIDRIV	130.27823338	0.02	0.08	0.9
71	FIDRIV	130.9405206215	0.02	0.09	0.89
72	FIDRIV	133.1413229531	0.02	0.1	0.88
73	FIDRIV	131.7784680718	0.02	0.11	0.87
74	FIDRIV	132.1358299634	0.02	0.12	0.86
75	FIDRIV	130.8915584114	0.02	0.13	0.85
76	FIDRIV	130.9273690266	0.02	0.14	0.84
77	FIDRIV	133.2511588111	0.02	0.15	0.83
78	FIDRIV	129.9808792307	0.02	0.16	0.82
79	FIDRIV	130.6984604287	0.02	0.17	0.81
80	FIDRIV	131.3664196419	0.02	0.18	0.8
81	FIDRIV	131.3499145516	0.02	0.19	0.79
82	FIDRIV	132.0809294027	0.02	0.2	0.78
83	FIDRIV	132.4597741165	0.02	0.21	0.77
84	FIDRIV	131.0216672321	0.02	0.22	0.76
85	FIDRIV	131.2263384697	0.02	0.23	0.75
86	FIDRIV	132.454956317	0.02	0.24	0.74
87	FIDRIV	133.5468596904	0.02	0.25	0.73
88	FIDRIV	131.8998953974	0.02	0.26	0.72
89	FIDRIV	133.9764162478	0.02	0.27	0.71
90	FIDRIV	131.9840543546	0.02	0.28	0.7
91	FIDRIV	133.5541991531	0.02	0.29	0.69
92	FIDRIV	130.6529225139	0.02	0.3	0.68
93	FIDRIV	140.5559305484	0.03	0.0	0.97
94	FIDRIV	138.0716178981	0.03	0.01	0.96
95	FIDRIV	139.7977243413	0.03	0.02	0.95
96	FIDRIV	138.4304563257	0.03	0.03	0.94
97	FIDRIV	138.2936020147	0.03	0.04	0.93
98	FIDRIV	138.3662752647	0.03	0.05	0.92
99	FIDRIV	141.041989786	0.03	0.06	0.91
100	FIDRIV	140.1730181781	0.03	0.07	0.9
101	FIDRIV	139.8928870157	0.03	0.08	0.89
102	FIDRIV	139.3898752695	0.03	0.09	0.88
103	FIDRIV	138.0499845319	0.03	0.1	0.87
104	FIDRIV	139.055701793	0.03	0.11	0.86
105	FIDRIV	139.1314021893	0.03	0.12	0.85
106	FIDRIV	141.1725160766	0.03	0.13	0.84
107	FIDRIV	139.1778174729	0.03	0.14	0.83
108	FIDRIV	139.6523883874	0.03	0.15	0.82
109	FIDRIV	139.9426785078	0.03	0.16	0.81
110	FIDRIV	140.7103696903	0.03	0.17	0.8
111	FIDRIV	138.5343048339	0.03	0.18	0.79
112	FIDRIV	138.5884789691	0.03	0.19	0.78
113	FIDRIV	139.6928920918	0.03	0.2	0.77
114	FIDRIV	142.0965616644	0.03	0.21	0.76
115	FIDRIV	140.0656891389	0.03	0.22	0.75
116	FIDRIV	139.9119475133	0.03	0.23	0.74
117	FIDRIV	138.8433581065	0.03	0.24	0.73
118	FIDRIV	140.490175515	0.03	0.25	0.72
119	FIDRIV	139.8236522776	0.03	0.26	0.71
120	FIDRIV	141.613695358	0.03	0.27	0.7
121	FIDRIV	139.1788549061	0.03	0.28	0.69
122	FIDRIV	140.067242466	0.03	0.29	0.68
123	FIDRIV	139.7196606257	0.03	0.3	0.67
124	FIDRIV	147.1429019375	0.04	0.0	0.96
125	FIDRIV	145.5120404015	0.04	0.01	0.95
126	FIDRIV	144.4908921846	0.04	0.02	0.94
127	FIDRIV	149.5976349387	0.04	0.03	0.93
128	FIDRIV	146.3613486094	0.04	0.04	0.92
129	FIDRIV	146.3507986787	0.04	0.05	0.91
130	FIDRIV	146.6158164105	0.04	0.06	0.9
131	FIDRIV	148.1733140644	0.04	0.07	0.89
132	FIDRIV	147.5952593322	0.04	0.08	0.88
133	FIDRIV	145.9758987347	0.04	0.09	0.87
134	FIDRIV	150.5176767751	0.04	0.1	0.86
135	FIDRIV	145.2704356944	0.04	0.11	0.85
136	FIDRIV	144.1604525052	0.04	0.12	0.84
137	FIDRIV	145.9526966446	0.04	0.13	0.83
138	FIDRIV	145.6620894924	0.04	0.14	0.82
139	FIDRIV	146.6494105742	0.04	0.15	0.81
140	FIDRIV	148.2875047548	0.04	0.16	0.8
141	FIDRIV	147.5494178036	0.04	0.17	0.79
142	FIDRIV	146.293340761	0.04	0.18	0.78
143	FIDRIV	147.5696952429	0.04	0.19	0.77
144	FIDRIV	148.1143155273	0.04	0.2	0.76
145	FIDRIV	149.2444084332	0.04	0.21	0.75
146	FIDRIV	148.1839256465	0.04	0.22	0.74
147	FIDRIV	146.6643196596	0.04	0.23	0.73
148	FIDRIV	146.6700731826	0.04	0.24	0.72
149	FIDRIV	149.3303239968	0.04	0.25	0.71
150	FIDRIV	147.7025896579	0.04	0.26	0.7
151	FIDRIV	146.6475454129	0.04	0.27	0.69
152	FIDRIV	143.131915702	0.04	0.28	0.68
153	FIDRIV	148.9565228525	0.04	0.29	0.67
154	FIDRIV	148.8983393698	0.04	0.3	0.66
155	FIDRIV	153.3780528987	0.05	0.0	0.95
156	FIDRIV	152.3956482636	0.05	0.01	0.94
157	FIDRIV	151.45398405	0.05	0.02	0.93
158	FIDRIV	156.2336562482	0.05	0.03	0.92
159	FIDRIV	154.7928316606	0.05	0.04	0.91
160	FIDRIV	153.9972719555	0.05	0.05	0.9
161	FIDRIV	150.8427986906	0.05	0.06	0.89
162	FIDRIV	155.610600118	0.05	0.07	0.88
163	FIDRIV	152.4818474656	0.05	0.08	0.87
164	FIDRIV	152.4554352021	0.05	0.09	0.86
165	FIDRIV	151.1575369953	0.05	0.1	0.85
166	FIDRIV	152.9992893092	0.05	0.11	0.84
167	FIDRIV	153.3260676064	0.05	0.12	0.83
168	FIDRIV	155.6065215394	0.05	0.13	0.82
169	FIDRIV	155.595569555	0.05	0.14	0.81
170	FIDRIV	152.8486711285	0.05	0.15	0.8
171	FIDRIV	154.0282871847	0.05	0.16	0.79
172	FIDRIV	153.8207510086	0.05	0.17	0.78
173	FIDRIV	152.4435400031	0.05	0.18	0.77
174	FIDRIV	152.0512336712	0.05	0.19	0.76
175	FIDRIV	154.9954432011	0.05	0.2	0.75
176	FIDRIV	155.4063960598	0.05	0.21	0.74
177	FIDRIV	153.2657273232	0.05	0.22	0.73
178	FIDRIV	154.722290157	0.05	0.23	0.72
179	FIDRIV	156.1607124652	0.05	0.24	0.71
180	FIDRIV	154.2408184974	0.05	0.25	0.7
181	FIDRIV	153.9460070996	0.05	0.26	0.69
182	FIDRIV	153.105909468	0.05	0.27	0.68
183	FIDRIV	157.6989234311	0.05	0.28	0.67
184	FIDRIV	151.1074097777	0.05	0.29	0.66
185	FIDRIV	157.748299941	0.05	0.3	0.65
186	FIDRIV	156.8697019293	0.06	0.0	0.94
187	FIDRIV	156.2800589125	0.06	0.01	0.93
188	FIDRIV	158.5742622663	0.06	0.02	0.92
189	FIDRIV	159.6361460088	0.06	0.03	0.91
190	FIDRIV	163.415800008	0.06	0.04	0.9
191	FIDRIV	157.608129889	0.06	0.05	0.89
192	FIDRIV	161.201491954	0.06	0.06	0.88
193	FIDRIV	165.3830383204	0.06	0.07	0.87
194	FIDRIV	158.9465956051	0.06	0.08	0.86
195	FIDRIV	158.1194505227	0.06	0.09	0.85
196	FIDRIV	157.8079689488	0.06	0.1	0.84
197	FIDRIV	161.2451883034	0.06	0.11	0.83
198	FIDRIV	159.1410195536	0.06	0.12	0.82
199	FIDRIV	162.0837695274	0.06	0.13	0.81
200	FIDRIV	160.857403243	0.06	0.14	0.8
201	FIDRIV	162.5918711381	0.06	0.15	0.79
202	FIDRIV	159.6231869956	0.06	0.16	0.78
203	FIDRIV	158.9993146079	0.06	0.17	0.77
204	FIDRIV	158.1328425772	0.06	0.18	0.76
205	FIDRIV	160.7518550287	0.06	0.19	0.75
206	FIDRIV	161.153323985	0.06	0.2	0.74
207	FIDRIV	160.3533873373	0.06	0.21	0.73
208	FIDRIV	164.6172569355	0.06	0.22	0.72
209	FIDRIV	166.3087018081	0.06	0.23	0.71
210	FIDRIV	161.6792648696	0.06	0.24	0.7
211	FIDRIV	156.7434641502	0.06	0.25	0.69
212	FIDRIV	162.1301834983	0.06	0.26	0.68
213	FIDRIV	161.6941242823	0.06	0.27	0.67
214	FIDRIV	162.5542230159	0.06	0.28	0.66
215	FIDRIV	163.730657601	0.06	0.29	0.65
216	FIDRIV	159.3008153817	0.06	0.3	0.64
217	FIDRIV	167.3183479858	0.07	0.0	0.93
218	FIDRIV	160.46104178	0.07	0.01	0.92
219	FIDRIV	164.6707279664	0.07	0.02	0.91
220	FIDRIV	167.65804167	0.07	0.03	0.9
221	FIDRIV	165.210215892	0.07	0.04	0.89
222	FIDRIV	166.0122202008	0.07	0.05	0.88
223	FIDRIV	168.2106916655	0.07	0.06	0.87
224	FIDRIV	166.6555477994	0.07	0.07	0.86
225	FIDRIV	167.5859608535	0.07	0.08	0.85
226	FIDRIV	171.9913771582	0.07	0.09	0.84
227	FIDRIV	169.2483681625	0.07	0.1	0.83
228	FIDRIV	164.2050445339	0.07	0.11	0.82
229	FIDRIV	167.6019681918	0.07	0.12	0.81
230	FIDRIV	169.5630635266	0.07	0.13	0.8
231	FIDRIV	171.2658994063	0.07	0.14	0.79
232	FIDRIV	164.390278361	0.07	0.15	0.78
233	FIDRIV	167.2171609966	0.07	0.16	0.77
234	FIDRIV	169.9765514598	0.07	0.17	0.76
235	FIDRIV	163.2842539993	0.07	0.18	0.75
236	FIDRIV	164.6645448638	0.07	0.19	0.74
237	FIDRIV	167.5181143627	0.07	0.2	0.73
238	FIDRIV	170.963185175	0.07	0.21	0.72
239	FIDRIV	169.5852395478	0.07	0.22	0.71
240	FIDRIV	170.5865011293	0.07	0.23	0.7
241	FIDRIV	169.6654869265	0.07	0.24	0.69
242	FIDRIV	170.5987005807	0.07	0.25	0.68
243	FIDRIV	168.8499408777	0.07	0.26	0.67
244	FIDRIV	165.5692955222	0.07	0.27	0.66
245	FIDRIV	172.5103436545	0.07	0.28	0.65
246	FIDRIV	166.723303128	0.07	0.29	0.64
247	FIDRIV	168.3059217155	0.07	0.3	0.63
248	FIDRIV	172.630984326	0.08	0.0	0.92
249	FIDRIV	171.4985916836	0.08	0.01	0.91
250	FIDRIV	172.5741615195	0.08	0.02	0.9
251	FIDRIV	172.4826744442	0.08	0.03	0.89
252	FIDRIV	174.3252553705	0.08	0.04	0.88
253	FIDRIV	169.6750080691	0.08	0.05	0.87
254	FIDRIV	174.0630965943	0.08	0.06	0.86
255	FIDRIV	174.4401681457	0.08	0.07	0.85
256	FIDRIV	172.906572131	0.08	0.08	0.84
257	FIDRIV	171.2889770823	0.08	0.09	0.83
258	FIDRIV	177.1945665271	0.08	0.1	0.82
259	FIDRIV	174.922687833	0.08	0.11	0.81
260	FIDRIV	175.3072406849	0.08	0.12	0.8
261	FIDRIV	171.2772084492	0.08	0.13	0.79
262	FIDRIV	170.6373116092	0.08	0.14	0.78
263	FIDRIV	167.6098681818	0.08	0.15	0.77
264	FIDRIV	174.1547370503	0.08	0.16	0.76
265	FIDRIV	166.8921738501	0.08	0.17	0.75
266	FIDRIV	173.4969980284	0.08	0.18	0.74
267	FIDRIV	174.5131979253	0.08	0.19	0.73
268	FIDRIV	172.4836843912	0.08	0.2	0.72
269	FIDRIV	173.3164344813	0.08	0.21	0.71
270	FIDRIV	177.1244813633	0.08	0.22	0.7
271	FIDRIV	173.5891789785	0.08	0.23	0.69
272	FIDRIV	170.8915867505	0.08	0.24	0.68
273	FIDRIV	170.3868764043	0.08	0.25	0.67
274	FIDRIV	176.4942512505	0.08	0.26	0.66
275	FIDRIV	173.5775045744	0.08	0.27	0.65
276	FIDRIV	173.4500251771	0.08	0.28	0.64
277	FIDRIV	175.9198580436	0.08	0.29	0.63
278	FIDRIV	172.3897277829	0.08	0.3	0.62
279	FIDRIV	177.2569182067	0.09	0.0	0.91
280	FIDRIV	184.210398237	0.09	0.01	0.9
281	FIDRIV	177.4134519475	0.09	0.02	0.89
282	FIDRIV	175.7054677707	0.09	0.03	0.88
283	FIDRIV	176.6534905509	0.09	0.04	0.87
284	FIDRIV	172.2059219937	0.09	0.05	0.86
285	FIDRIV	176.1783171304	0.09	0.06	0.85
286	FIDRIV	180.7640254821	0.09	0.07	0.84
287	FIDRIV	176.9194985372	0.09	0.08	0.83
288	FIDRIV	177.2839027753	0.09	0.09	0.82
289	FIDRIV	181.2321907932	0.09	0.1	0.81
290	FIDRIV	176.8589547957	0.09	0.11	0.8
291	FIDRIV	180.9299516013	0.09	0.12	0.79
292	FIDRIV	178.3098579736	0.09	0.13	0.78
293	FIDRIV	180.4841594307	0.09	0.14	0.77
294	FIDRIV	177.1465378467	0.09	0.15	0.76
295	FIDRIV	181.366955254	0.09	0.16	0.75
296	FIDRIV	180.2281020626	0.09	0.17	0.74
297	FIDRIV	178.3628451574	0.09	0.18	0.73
298	FIDRIV	176.2504542599	0.09	0.19	0.72
299	FIDRIV	181.3185032301	0.09	0.2	0.71
300	FIDRIV	177.1490089373	0.09	0.21	0.7
301	FIDRIV	177.6196459182	0.09	0.22	0.69
302	FIDRIV	178.8370792781	0.09	0.23	0.68
303	FIDRIV	181.8607950293	0.09	0.24	0.67
304	FIDRIV	183.5150601295	0.09	0.25	0.66
305	FIDRIV	182.6672335414	0.09	0.26	0.65
306	FIDRIV	178.2681156871	0.09	0.27	0.64
307	FIDRIV	182.8485064658	0.09	0.28	0.63
308	FIDRIV	175.4345015808	0.09	0.29	0.62
309	FIDRIV	181.267103884	0.09	0.3	0.61
310	FIDRIV	179.9771150107	0.1	0.0	0.9
311	FIDRIV	181.8529876722	0.1	0.01	0.89
312	FIDRIV	183.272647848	0.1	0.02	0.88
313	FIDRIV	185.1713000976	0.1	0.03	0.87
314	FIDRIV	180.6212753171	0.1	0.04	0.86
315	FIDRIV	186.0155207014	0.1	0.05	0.85
316	FIDRIV	187.234713225	0.1	0.06	0.84
317	FIDRIV	184.0292487002	0.1	0.07	0.83
318	FIDRIV	184.0570373904	0.1	0.08	0.82
319	FIDRIV	181.9675721975	0.1	0.09	0.81
320	FIDRIV	183.5326754579	0.1	0.1	0.8
321	FIDRIV	184.895102465	0.1	0.11	0.79
322	FIDRIV	185.5995502332	0.1	0.12	0.78
323	FIDRIV	187.528402295	0.1	0.13	0.77
324	FIDRIV	181.991226511	0.1	0.14	0.76
325	FIDRIV	182.4368384034	0.1	0.15	0.75
326	FIDRIV	181.3105948069	0.1	0.16	0.74
327	FIDRIV	184.7643172288	0.1	0.17	0.73
328	FIDRIV	184.633058835	0.1	0.18	0.72
329	FIDRIV	185.3552351411	0.1	0.19	0.71
330	FIDRIV	186.3678796984	0.1	0.2	0.7
331	FIDRIV	184.4730724248	0.1	0.21	0.69
332	FIDRIV	189.3964832098	0.1	0.22	0.68
333	FIDRIV	184.9621734957	0.1	0.23	0.67
334	FIDRIV	181.1214254089	0.1	0.24	0.66
335	FIDRIV	183.0664563013	0.1	0.25	0.65
336	FIDRIV	184.2740858251	0.1	0.26	0.64
337	FIDRIV	182.3450667703	0.1	0.27	0.63
338	FIDRIV	183.5274053025	0.1	0.28	0.62
339	FIDRIV	184.7027372673	0.1	0.29	0.61
340	FIDRIV	184.7053567464	0.1	0.3	0.6
341	FIDRIV	186.8675132203	0.11	0.0	0.89
342	FIDRIV	189.8622106222	0.11	0.01	0.88
343	FIDRIV	189.032111574	0.11	0.02	0.87
344	FIDRIV	193.0650212233	0.11	0.03	0.86
345	FIDRIV	190.6253168191	0.11	0.04	0.85
346	FIDRIV	190.222808878	0.11	0.05	0.84
347	FIDRIV	189.4776025776	0.11	0.06	0.83
348	FIDRIV	192.7333477271	0.11	0.07	0.82
349	FIDRIV	189.6548549318	0.11	0.08	0.81
350	FIDRIV	192.8132785169	0.11	0.09	0.8
351	FIDRIV	191.348614897	0.11	0.1	0.79
352	FIDRIV	191.8085536862	0.11	0.11	0.78
353	FIDRIV	187.4979825682	0.11	0.12	0.77
354	FIDRIV	189.3520488782	0.11	0.13	0.76
355	FIDRIV	188.5589169949	0.11	0.14	0.75
356	FIDRIV	188.4832952217	0.11	0.15	0.74
357	FIDRIV	193.664051489	0.11	0.16	0.73
358	FIDRIV	187.140685631	0.11	0.17	0.72
359	FIDRIV	196.769471479	0.11	0.18	0.71
360	FIDRIV	188.3569653655	0.11	0.19	0.7
361	FIDRIV	191.4946547098	0.11	0.2	0.69
362	FIDRIV	186.1264216856	0.11	0.21	0.68
363	FIDRIV	191.0831702875	0.11	0.22	0.67
364	FIDRIV	194.2424368223	0.11	0.23	0.66
365	FIDRIV	191.7679700684	0.11	0.24	0.65
366	FIDRIV	188.8488992807	0.11	0.25	0.64
367	FIDRIV	191.7513434338	0.11	0.26	0.63
368	FIDRIV	191.493709096	0.11	0.27	0.62
369	FIDRIV	192.613276661	0.11	0.28	0.61
370	FIDRIV	190.7842856046	0.11	0.29	0.6
371	FIDRIV	188.3188204458	0.11	0.3	0.59
372	FIDRIV	193.8871769243	0.12	0.0	0.88
373	FIDRIV	192.8086199779	0.12	0.01	0.87
374	FIDRIV	197.6270056633	0.12	0.02	0.86
375	FIDRIV	199.2419000495	0.12	0.03	0.85
376	FIDRIV	198.2594364245	0.12	0.04	0.84
377	FIDRIV	192.9834617096	0.12	0.05	0.83
378	FIDRIV	194.561583225	0.12	0.06	0.82
379	FIDRIV	193.5881382574	0.12	0.07	0.81
380	FIDRIV	197.8776543106	0.12	0.08	0.8
381	FIDRIV	193.8520719655	0.12	0.09	0.79
382	FIDRIV	196.0846652133	0.12	0.1	0.78
383	FIDRIV	197.3760047542	0.12	0.11	0.77
384	FIDRIV	196.3097057277	0.12	0.12	0.76
385	FIDRIV	194.6516986366	0.12	0.13	0.75
386	FIDRIV	198.6126459763	0.12	0.14	0.74
387	FIDRIV	192.0781636675	0.12	0.15	0.73
388	FIDRIV	199.9536887799	0.12	0.16	0.72
389	FIDRIV	194.8152727945	0.12	0.17	0.71
390	FIDRIV	195.0481193473	0.12	0.18	0.7
391	FIDRIV	193.2613695509	0.12	0.19	0.69
392	FIDRIV	200.3030073416	0.12	0.2	0.68
393	FIDRIV	198.5218630625	0.12	0.21	0.67
394	FIDRIV	193.1369510484	0.12	0.22	0.66
395	FIDRIV	197.4935591383	0.12	0.23	0.65
396	FIDRIV	197.4576236222	0.12	0.24	0.64
397	FIDRIV	196.7274946388	0.12	0.25	0.63
398	FIDRIV	196.7802072878	0.12	0.26	0.62
399	FIDRIV	196.7827222505	0.12	0.27	0.61
400	FIDRIV	196.7060658989	0.12	0.28	0.6
401	FIDRIV	196.2453883431	0.12	0.29	0.59
402	FIDRIV	197.8900006046	0.12	0.3	0.58
403	FIDRIV	200.1154467968	0.13	0.0	0.87
404	FIDRIV	201.1413452821	0.13	0.01	0.86
405	FIDRIV	197.9724129328	0.13	0.02	0.85
406	FIDRIV	202.0872195842	0.13	0.03	0.84
407	FIDRIV	200.404460987	0.13	0.04	0.83
408	FIDRIV	200.6706085157	0.13	0.05	0.82
409	FIDRIV	199.7471067174	0.13	0.06	0.81
410	FIDRIV	201.2315955549	0.13	0.07	0.8
411	FIDRIV	205.4703697981	0.13	0.08	0.79
412	FIDRIV	208.1746401378	0.13	0.09	0.78
413	FIDRIV	201.3996036733	0.13	0.1	0.77
414	FIDRIV	204.7366626051	0.13	0.11	0.76
415	FIDRIV	194.5303874748	0.13	0.12	0.75
416	FIDRIV	198.4898476389	0.13	0.13	0.74
417	FIDRIV	201.8676969525	0.13	0.14	0.73
418	FIDRIV	199.914361188	0.13	0.15	0.72
419	FIDRIV	203.8144106706	0.13	0.16	0.71
420	FIDRIV	200.5088603143	0.13	0.17	0.7
421	FIDRIV	202.8010315598	0.13	0.18	0.69
422	FIDRIV	200.288422188	0.13	0.19	0.68
423	FIDRIV	203.1455147758	0.13	0.2	0.67
424	FIDRIV	201.2716892155	0.13	0.21	0.66
425	FIDRIV	199.7186569073	0.13	0.22	0.65
426	FIDRIV	199.2214497633	0.13	0.23	0.64
427	FIDRIV	199.2924020377	0.13	0.24	0.63
428	FIDRIV	204.0034526538	0.13	0.25	0.62
429	FIDRIV	206.0907533094	0.13	0.26	0.61
430	FIDRIV	203.7340399058	0.13	0.27	0.6
431	FIDRIV	199.5476032549	0.13	0.28	0.59
432	FIDRIV	201.5021952558	0.13	0.29	0.58
433	FIDRIV	201.2967257722	0.13	0.3	0.57
434	FIDRIV	206.5709649271	0.14	0.0	0.86
435	FIDRIV	200.4182303116	0.14	0.01	0.85
436	FIDRIV	205.1779458934	0.14	0.02	0.84
437	FIDRIV	202.3175431999	0.14	0.03	0.83
438	FIDRIV	204.6269230567	0.14	0.04	0.82
439	FIDRIV	207.7872517527	0.14	0.05	0.81
440	FIDRIV	205.8140759874	0.14	0.06	0.8
441	FIDRIV	206.3867757229	0.14	0.07	0.79
442	FIDRIV	209.6782367563	0.14	0.08	0.78
443	FIDRIV	208.7277885152	0.14	0.09	0.77
444	FIDRIV	201.1524416711	0.14	0.1	0.76
445	FIDRIV	204.0781428334	0.14	0.11	0.75
446	FIDRIV	202.5970599903	0.14	0.12	0.74
447	FIDRIV	201.1162714559	0.14	0.13	0.73
448	FIDRIV	205.8791233887	0.14	0.14	0.72
449	FIDRIV	201.7996106549	0.14	0.15	0.71
450	FIDRIV	200.2566788624	0.14	0.16	0.7
451	FIDRIV	211.1786552561	0.14	0.17	0.69
452	FIDRIV	208.0158204614	0.14	0.18	0.68
453	FIDRIV	207.3820601964	0.14	0.19	0.67
454	FIDRIV	205.9914684744	0.14	0.2	0.66
455	FIDRIV	202.157411594	0.14	0.21	0.65
456	FIDRIV	206.4416412093	0.14	0.22	0.64
457	FIDRIV	208.5608750112	0.14	0.23	0.63
458	FIDRIV	212.2956312928	0.14	0.24	0.62
459	FIDRIV	208.3580669664	0.14	0.25	0.61
460	FIDRIV	205.8112516804	0.14	0.26	0.6
461	FIDRIV	203.0999201936	0.14	0.27	0.59
462	FIDRIV	198.7409863101	0.14	0.28	0.58
463	FIDRIV	204.7790267924	0.14	0.29	0.57
464	FIDRIV	207.664691495	0.14	0.3	0.56
465	FIDRIV	205.0925604727	0.15	0.0	0.85
466	FIDRIV	211.4074367867	0.15	0.01	0.84
467	FIDRIV	211.7248829499	0.15	0.02	0.83
468	FIDRIV	208.714025211	0.15	0.03	0.82
469	FIDRIV	209.9004237663	0.15	0.04	0.81
470	FIDRIV	208.8864248198	0.15	0.05	0.8
471	FIDRIV	206.1481664814	0.15	0.06	0.79
472	FIDRIV	212.1898456581	0.15	0.07	0.78
473	FIDRIV	214.7161596079	0.15	0.08	0.77
474	FIDRIV	213.7122470892	0.15	0.09	0.76
475	FIDRIV	208.5342567097	0.15	0.1	0.75
476	FIDRIV	210.0523606149	0.15	0.11	0.74
477	FIDRIV	213.2992959786	0.15	0.12	0.73
478	FIDRIV	215.8085661153	0.15	0.13	0.72
479	FIDRIV	213.9390869813	0.15	0.14	0.71
480	FIDRIV	211.3571793603	0.15	0.15	0.7
481	FIDRIV	202.4582505893	0.15	0.16	0.69
482	FIDRIV	207.5665839301	0.15	0.17	0.68
483	FIDRIV	208.0570064481	0.15	0.18	0.67
484	FIDRIV	206.5221527477	0.15	0.19	0.66
485	FIDRIV	208.6061179122	0.15	0.2	0.65
486	FIDRIV	210.6641656776	0.15	0.21	0.64
487	FIDRIV	209.7184493448	0.15	0.22	0.63
488	FIDRIV	213.4381306892	0.15	0.23	0.62
489	FIDRIV	208.3975502748	0.15	0.24	0.61
490	FIDRIV	208.8850911524	0.15	0.25	0.6
491	FIDRIV	206.5137117908	0.15	0.26	0.59
492	FIDRIV	213.404902564	0.15	0.27	0.58
493	FIDRIV	211.508389447	0.15	0.28	0.57
494	FIDRIV	211.2638655274	0.15	0.29	0.56
495	FIDRIV	214.041354112	0.15	0.3	0.55
496	FIDRIV	215.6631528097	0.16	0.0	0.84
497	FIDRIV	214.4425728886	0.16	0.01	0.83
498	FIDRIV	211.8813054083	0.16	0.02	0.82
499	FIDRIV	210.2178062782	0.16	0.03	0.81
500	FIDRIV	211.9593803803	0.16	0.04	0.8
501	FIDRIV	218.0456522707	0.16	0.05	0.79
502	FIDRIV	216.996225099	0.16	0.06	0.78
503	FIDRIV	214.028223504	0.16	0.07	0.77
504	FIDRIV	214.6067719758	0.16	0.08	0.76
505	FIDRIV	218.1346302908	0.16	0.09	0.75
506	FIDRIV	210.1215683373	0.16	0.1	0.74
507	FIDRIV	212.8945157415	0.16	0.11	0.73
508	FIDRIV	213.6709409923	0.16	0.12	0.72
509	FIDRIV	213.3920173314	0.16	0.13	0.71
510	FIDRIV	208.6358006954	0.16	0.14	0.7
511	FIDRIV	214.0526334973	0.16	0.15	0.69
512	FIDRIV	217.0348311165	0.16	0.16	0.68
513	FIDRIV	213.0447675301	0.16	0.17	0.67
514	FIDRIV	213.5016316701	0.16	0.18	0.66
515	FIDRIV	214.4373154483	0.16	0.19	0.65
516	FIDRIV	209.4802341684	0.16	0.2	0.64
517	FIDRIV	215.3697106211	0.16	0.21	0.63
518	FIDRIV	217.3566999927	0.16	0.22	0.62
519	FIDRIV	215.1185979412	0.16	0.23	0.61
520	FIDRIV	222.2620840096	0.16	0.24	0.6
521	FIDRIV	215.5333925239	0.16	0.25	0.59
522	FIDRIV	217.3349635795	0.16	0.26	0.58
523	FIDRIV	217.2571108381	0.16	0.27	0.57
524	FIDRIV	219.6321338616	0.16	0.28	0.56
525	FIDRIV	224.6196518326	0.16	0.29	0.55
526	FIDRIV	217.8911045822	0.16	0.3	0.54
527	FIDRIV	215.8652061786	0.17	0.0	0.83
528	FIDRIV	213.9671270681	0.17	0.01	0.82
529	FIDRIV	223.0106146352	0.17	0.02	0.81
530	FIDRIV	214.6643934725	0.17	0.03	0.8
531	FIDRIV	214.8338536686	0.17	0.04	0.79
532	FIDRIV	215.7055603056	0.17	0.05	0.78
533	FIDRIV	217.409622104	0.17	0.06	0.77
534	FIDRIV	216.8715339494	0.17	0.07	0.76
535	FIDRIV	219.7384915234	0.17	0.08	0.75
536	FIDRIV	221.2569587668	0.17	0.09	0.74
537	FIDRIV	214.9734402304	0.17	0.1	0.73
538	FIDRIV	217.0911203627	0.17	0.11	0.72
539	FIDRIV	222.8686281365	0.17	0.12	0.71
540	FIDRIV	220.4890353609	0.17	0.13	0.7
541	FIDRIV	211.7140848595	0.17	0.14	0.69
542	FIDRIV	219.5226858743	0.17	0.15	0.68
543	FIDRIV	219.6280115555	0.17	0.16	0.67
544	FIDRIV	219.5472945276	0.17	0.17	0.66
545	FIDRIV	222.3964578063	0.17	0.18	0.65
546	FIDRIV	218.8982204254	0.17	0.19	0.64
547	FIDRIV	225.6213765717	0.17	0.2	0.63
548	FIDRIV	223.3817375862	0.17	0.21	0.62
549	FIDRIV	219.3824475706	0.17	0.22	0.61
550	FIDRIV	222.7049470195	0.17	0.23	0.6
551	FIDRIV	216.3234604045	0.17	0.24	0.59
552	FIDRIV	218.5702835231	0.17	0.25	0.58
553	FIDRIV	216.1573988788	0.17	0.26	0.57
554	FIDRIV	221.1200470251	0.17	0.27	0.56
555	FIDRIV	221.4374357462	0.17	0.28	0.55
556	FIDRIV	221.9933835804	0.17	0.29	0.54
557	FIDRIV	217.6749345145	0.17	0.3	0.53
558	FIDRIV	221.4830460712	0.18	0.0	0.82
559	FIDRIV	220.1653959104	0.18	0.01	0.81
560	FIDRIV	225.6551684213	0.18	0.02	0.8
561	FIDRIV	226.405884199	0.18	0.03	0.79
562	FIDRIV	215.4798014975	0.18	0.04	0.78
563	FIDRIV	222.4700381314	0.18	0.05	0.77
564	FIDRIV	217.7637445234	0.18	0.06	0.76
565	FIDRIV	217.5218934256	0.18	0.07	0.75
566	FIDRIV	230.6193620334	0.18	0.08	0.74
567	FIDRIV	226.0102573128	0.18	0.09	0.73
568	FIDRIV	232.1723272324	0.18	0.1	0.72
569	FIDRIV	228.9017341753	0.18	0.11	0.71
570	FIDRIV	223.0864585414	0.18	0.12	0.7
571	FIDRIV	227.0039547264	0.18	0.13	0.69
572	FIDRIV	222.2638532972	0.18	0.14	0.68
573	FIDRIV	229.5475556371	0.18	0.15	0.67
574	FIDRIV	230.8472278363	0.18	0.16	0.66
575	FIDRIV	230.2706353028	0.18	0.17	0.65
576	FIDRIV	227.3064978851	0.18	0.18	0.64
577	FIDRIV	222.3899209488	0.18	0.19	0.63
578	FIDRIV	226.6378145955	0.18	0.2	0.62
579	FIDRIV	224.9942218079	0.18	0.21	0.61
580	FIDRIV	225.9062378114	0.18	0.22	0.6
581	FIDRIV	226.8751968933	0.18	0.23	0.59
582	FIDRIV	224.6686421792	0.18	0.24	0.58
583	FIDRIV	220.8767054998	0.18	0.25	0.57
584	FIDRIV	226.2707360079	0.18	0.26	0.56
585	FIDRIV	227.9769786896	0.18	0.27	0.55
586	FIDRIV	229.6105088418	0.18	0.28	0.54
587	FIDRIV	222.1657514875	0.18	0.29	0.53
588	FIDRIV	225.6506490958	0.18	0.3	0.52
589	FIDRIV	234.6733321407	0.19	0.0	0.81
590	FIDRIV	230.2487028798	0.19	0.01	0.8
591	FIDRIV	222.713259455	0.19	0.02	0.79
592	FIDRIV	229.2722812076	0.19	0.03	0.78
593	FIDRIV	230.6574982585	0.19	0.04	0.77
594	FIDRIV	223.3529463376	0.19	0.05	0.76
595	FIDRIV	234.431631778	0.19	0.06	0.75
596	FIDRIV	232.3287074554	0.19	0.07	0.74
597	FIDRIV	228.2974255589	0.19	0.08	0.73
598	FIDRIV	227.6644156016	0.19	0.09	0.72
599	FIDRIV	226.4762841843	0.19	0.1	0.71
600	FIDRIV	228.1170912202	0.19	0.11	0.7
601	FIDRIV	231.89810432	0.19	0.12	0.69
602	FIDRIV	226.4022618687	0.19	0.13	0.68
603	FIDRIV	232.9000524771	0.19	0.14	0.67
604	FIDRIV	227.4934246593	0.19	0.15	0.66
605	FIDRIV	222.8185043191	0.19	0.16	0.65
606	FIDRIV	227.9652383594	0.19	0.17	0.64
607	FIDRIV	228.9022563791	0.19	0.18	0.63
608	FIDRIV	227.000736616	0.19	0.19	0.62
609	FIDRIV	226.9513044615	0.19	0.2	0.61
610	FIDRIV	228.8454399683	0.19	0.21	0.6
611	FIDRIV	227.2372997564	0.19	0.22	0.59
612	FIDRIV	226.6873206121	0.19	0.23	0.58
613	FIDRIV	221.779319634	0.19	0.24	0.57
614	FIDRIV	229.7740963891	0.19	0.25	0.56
615	FIDRIV	227.8981904705	0.19	0.26	0.55
616	FIDRIV	233.1225313374	0.19	0.27	0.54
617	FIDRIV	222.5283879402	0.19	0.28	0.53
618	FIDRIV	232.2984625422	0.19	0.29	0.52
619	FIDRIV	233.5976430689	0.19	0.3	0.51
620	FIDRIV	234.9218570708	0.2	0.0	0.8
621	FIDRIV	232.6296836674	0.2	0.01	0.79
622	FIDRIV	233.7838090112	0.2	0.02	0.78
623	FIDRIV	233.5341324877	0.2	0.03	0.77
624	FIDRIV	233.3403893184	0.2	0.04	0.76
625	FIDRIV	234.5849796495	0.2	0.05	0.75
626	FIDRIV	223.0603468527	0.2	0.06	0.74
627	FIDRIV	229.5912542966	0.2	0.07	0.73
628	FIDRIV	239.5171207714	0.2	0.08	0.72
629	FIDRIV	230.5760455811	0.2	0.09	0.71
630	FIDRIV	229.6748375748	0.2	0.1	0.7
631	FIDRIV	236.2879291934	0.2	0.11	0.69
632	FIDRIV	235.5680516884	0.2	0.12	0.68
633	FIDRIV	234.0512013493	0.2	0.13	0.67
634	FIDRIV	230.570927152	0.2	0.14	0.66
635	FIDRIV	230.2788744214	0.2	0.15	0.65
636	FIDRIV	232.3880748896	0.2	0.16	0.64
637	FIDRIV	227.7291909107	0.2	0.17	0.63
638	FIDRIV	235.1107300892	0.2	0.18	0.62
639	FIDRIV	230.5561364519	0.2	0.19	0.61
640	FIDRIV	237.5023719812	0.2	0.2	0.6
641	FIDRIV	237.1567963695	0.2	0.21	0.59
642	FIDRIV	233.2293905291	0.2	0.22	0.58
643	FIDRIV	234.8326381419	0.2	0.23	0.57
644	FIDRIV	234.9013454861	0.2	0.24	0.56
645	FIDRIV	230.5473156331	0.2	0.25	0.55
646	FIDRIV	235.0113693374	0.2	0.26	0.54
647	FIDRIV	233.1310352689	0.2	0.27	0.53
648	FIDRIV	237.1956976307	0.2	0.28	0.52
649	FIDRIV	235.9157713381	0.2	0.29	0.51
650	FIDRIV	236.9881034215	0.2	0.3	0.5
651	FIDRIV	236.361821148	0.21	0.0	0.79
652	FIDRIV	240.881744649	0.21	0.01	0.78
653	FIDRIV	238.0349242	0.21	0.02	0.77
654	FIDRIV	236.580067059	0.21	0.03	0.76
655	FIDRIV	230.9546702859	0.21	0.04	0.75
656	FIDRIV	232.5111771615	0.21	0.05	0.74
657	FIDRIV	233.3995068329	0.21	0.06	0.73
658	FIDRIV	232.1126280163	0.21	0.07	0.72
659	FIDRIV	233.4080838153	0.21	0.08	0.71
660	FIDRIV	237.6118161853	0.21	0.09	0.7
661	FIDRIV	237.6588625318	0.21	0.1	0.69
662	FIDRIV	238.1867506753	0.21	0.11	0.68
663	FIDRIV	232.5421060292	0.21	0.12	0.67
664	FIDRIV	233.4972748422	0.21	0.13	0.66
665	FIDRIV	242.0185005785	0.21	0.14	0.65
666	FIDRIV	234.0059956331	0.21	0.15	0.64
667	FIDRIV	235.8631501562	0.21	0.16	0.63
668	FIDRIV	237.030373666	0.21	0.17	0.62
669	FIDRIV	238.7243547491	0.21	0.18	0.61
670	FIDRIV	238.4056762272	0.21	0.19	0.6
671	FIDRIV	238.0242513496	0.21	0.2	0.59
672	FIDRIV	237.9764789253	0.21	0.21	0.58
673	FIDRIV	233.129760719	0.21	0.22	0.57
674	FIDRIV	237.7532649998	0.21	0.23	0.56
675	FIDRIV	240.3147771571	0.21	0.24	0.55
676	FIDRIV	238.2817371999	0.21	0.25	0.54
677	FIDRIV	240.3448180569	0.21	0.26	0.53
678	FIDRIV	232.885030754	0.21	0.27	0.52
679	FIDRIV	237.386631958	0.21	0.28	0.51
680	FIDRIV	229.7496650925	0.21	0.29	0.5
681	FIDRIV	244.7989304422	0.21	0.3	0.49
682	FIDRIV	242.2534850853	0.22	0.0	0.78
683	FIDRIV	244.0033626262	0.22	0.01	0.77
684	FIDRIV	238.3564164102	0.22	0.02	0.76
685	FIDRIV	239.5176659005	0.22	0.03	0.75
686	FIDRIV	239.1086142842	0.22	0.04	0.74
687	FIDRIV	241.9754221219	0.22	0.05	0.73
688	FIDRIV	240.749630887	0.22	0.06	0.72
689	FIDRIV	234.4858339666	0.22	0.07	0.71
690	FIDRIV	240.7797280876	0.22	0.08	0.7
691	FIDRIV	240.6864055881	0.22	0.09	0.69
692	FIDRIV	243.6229986089	0.22	0.1	0.68
693	FIDRIV	247.3612345111	0.22	0.11	0.67
694	FIDRIV	240.0300097732	0.22	0.12	0.66
695	FIDRIV	242.7402139521	0.22	0.13	0.65
696	FIDRIV	240.4094722525	0.22	0.14	0.64
697	FIDRIV	240.2862893793	0.22	0.15	0.63
698	FIDRIV	242.8322999337	0.22	0.16	0.62
699	FIDRIV	247.0844952154	0.22	0.17	0.61
700	FIDRIV	238.4761146501	0.22	0.18	0.6
701	FIDRIV	243.0177603837	0.22	0.19	0.59
702	FIDRIV	245.1618049117	0.22	0.2	0.58
703	FIDRIV	240.2516303277	0.22	0.21	0.57
704	FIDRIV	246.0787037511	0.22	0.22	0.56
705	FIDRIV	241.0013158869	0.22	0.23	0.55
706	FIDRIV	240.0487386517	0.22	0.24	0.54
707	FIDRIV	242.2359177505	0.22	0.25	0.53
708	FIDRIV	245.1742465945	0.22	0.26	0.52
709	FIDRIV	248.1685452438	0.22	0.27	0.51
710	FIDRIV	245.9520729679	0.22	0.28	0.5
711	FIDRIV	242.7856857445	0.22	0.29	0.49
712	FIDRIV	243.2004042172	0.22	0.3	0.48
713	FIDRIV	243.1474993152	0.23	0.0	0.77
714	FIDRIV	244.7509114602	0.23	0.01	0.76
715	FIDRIV	244.0551217184	0.23	0.02	0.75
716	FIDRIV	246.2062290524	0.23	0.03	0.74
717	FIDRIV	241.4845472526	0.23	0.04	0.73
718	FIDRIV	242.1750104146	0.23	0.05	0.72
719	FIDRIV	240.8443205502	0.23	0.06	0.71
720	FIDRIV	247.291710752	0.23	0.07	0.7
721	FIDRIV	248.7171071628	0.23	0.08	0.69
722	FIDRIV	245.7091895403	0.23	0.09	0.68
723	FIDRIV	245.6150596387	0.23	0.1	0.67
724	FIDRIV	233.7624939701	0.23	0.11	0.66
725	FIDRIV	248.2649611461	0.23	0.12	0.65
726	FIDRIV	242.4918775636	0.23	0.13	0.64
727	FIDRIV	243.9341857176	0.23	0.14	0.63
728	FIDRIV	246.4783926991	0.23	0.15	0.62
729	FIDRIV	243.4318244793	0.23	0.16	0.61
730	FIDRIV	241.4955491652	0.23	0.17	0.6
731	FIDRIV	247.1232774282	0.23	0.18	0.59
732	FIDRIV	245.5180808766	0.23	0.19	0.58
733	FIDRIV	243.6839685216	0.23	0.2	0.57
734	FIDRIV	247.9764708731	0.23	0.21	0.56
735	FIDRIV	244.0475414687	0.23	0.22	0.55
736	FIDRIV	243.6911231193	0.23	0.23	0.54
737	FIDRIV	243.2233330492	0.23	0.24	0.53
738	FIDRIV	243.7824307917	0.23	0.25	0.52
739	FIDRIV	236.5975385427	0.23	0.26	0.51
740	FIDRIV	242.0722659533	0.23	0.27	0.5
741	FIDRIV	243.2458177239	0.23	0.28	0.49
742	FIDRIV	241.3178184698	0.23	0.29	0.48
743	FIDRIV	242.6605470941	0.23	0.3	0.47
744	FIDRIV	247.0758822164	0.24	0.0	0.76
745	FIDRIV	247.2357090141	0.24	0.01	0.75
746	FIDRIV	243.4663952512	0.24	0.02	0.74
747	FIDRIV	244.9164012488	0.24	0.03	0.73
748	FIDRIV	256.7385711838	0.24	0.04	0.72
749	FIDRIV	252.1451642901	0.24	0.05	0.71
750	FIDRIV	248.5574660116	0.24	0.06	0.7
751	FIDRIV	254.6643393829	0.24	0.07	0.69
752	FIDRIV	251.9317480319	0.24	0.08	0.68
753	FIDRIV	253.2574756474	0.24	0.09	0.67
754	FIDRIV	253.918329956	0.24	0.1	0.66
755	FIDRIV	248.7010209728	0.24	0.11	0.65
756	FIDRIV	247.1380368163	0.24	0.12	0.64
757	FIDRIV	248.628297282	0.24	0.13	0.63
758	FIDRIV	245.9616092428	0.24	0.14	0.62
759	FIDRIV	246.5502367036	0.24	0.15	0.61
760	FIDRIV	242.8025107169	0.24	0.16	0.6
761	FIDRIV	248.8427105246	0.24	0.17	0.59
762	FIDRIV	253.5711754364	0.24	0.18	0.58
763	FIDRIV	249.1745161299	0.24	0.19	0.57
764	FIDRIV	250.4854620289	0.24	0.2	0.56
765	FIDRIV	249.8269261285	0.24	0.21	0.55
766	FIDRIV	249.6764458575	0.24	0.22	0.54
767	FIDRIV	249.4642558478	0.24	0.23	0.53
768	FIDRIV	250.1955826568	0.24	0.24	0.52
769	FIDRIV	249.3957303513	0.24	0.25	0.51
770	FIDRIV	246.6794870011	0.24	0.26	0.5
771	FIDRIV	249.9711807263	0.24	0.27	0.49
772	FIDRIV	255.1116116709	0.24	0.28	0.48
773	FIDRIV	252.8984843516	0.24	0.29	0.47
774	FIDRIV	249.4329982125	0.24	0.3	0.46
775	FIDRIV	244.0594464877	0.25	0.0	0.75
776	FIDRIV	255.4210654216	0.25	0.01	0.74
777	FIDRIV	250.7306604705	0.25	0.02	0.73
778	FIDRIV	256.3461915366	0.25	0.03	0.72
779	FIDRIV	254.2175423539	0.25	0.04	0.71
780	FIDRIV	252.5365701006	0.25	0.05	0.7
781	FIDRIV	255.7577031799	0.25	0.06	0.69
782	FIDRIV	248.9107868974	0.25	0.07	0.68
783	FIDRIV	252.2712663382	0.25	0.08	0.67
784	FIDRIV	247.9190496442	0.25	0.09	0.66
785	FIDRIV	244.3739027328	0.25	0.1	0.65
786	FIDRIV	256.2304623695	0.25	0.11	0.64
787	FIDRIV	247.9801181145	0.25	0.12	0.63
788	FIDRIV	248.4402563375	0.25	0.13	0.62
789	FIDRIV	254.7287593006	0.25	0.14	0.61
790	FIDRIV	247.5266064823	0.25	0.15	0.6
791	FIDRIV	250.8062725038	0.25	0.16	0.59
792	FIDRIV	255.4729130332	0.25	0.17	0.58
793	FIDRIV	245.1541589511	0.25	0.18	0.57
794	FIDRIV	253.4845116346	0.25	0.19	0.56
795	FIDRIV	252.6648964172	0.25	0.2	0.55
796	FIDRIV	255.4237539001	0.25	0.21	0.54
797	FIDRIV	253.3554816031	0.25	0.22	0.53
798	FIDRIV	254.8062307101	0.25	0.23	0.52
799	FIDRIV	253.2653365016	0.25	0.24	0.51
800	FIDRIV	252.5139300657	0.25	0.25	0.5
801	FIDRIV	251.1264712095	0.25	0.26	0.49
802	FIDRIV	257.4002914903	0.25	0.27	0.48
803	FIDRIV	251.9669952169	0.25	0.28	0.47
804	FIDRIV	250.9081366322	0.25	0.29	0.46
805	FIDRIV	257.0879608968	0.25	0.3	0.45
806	FIDRIV	255.4554211964	0.26	0.0	0.74
807	FIDRIV	254.0500960911	0.26	0.01	0.73
808	FIDRIV	251.3253926288	0.26	0.02	0.72
809	FIDRIV	251.3388636384	0.26	0.03	0.71
810	FIDRIV	258.0845462649	0.26	0.04	0.7
811	FIDRIV	263.7738841896	0.26	0.05	0.69
812	FIDRIV	262.2049616315	0.26	0.06	0.68
813	FIDRIV	260.830799525	0.26	0.07	0.67
814	FIDRIV	246.9091334124	0.26	0.08	0.66
815	FIDRIV	263.2616086929	0.26	0.09	0.65
816	FIDRIV	263.4633673471	0.26	0.1	0.64
817	FIDRIV	256.9924171124	0.26	0.11	0.63
818	FIDRIV	256.8175730812	0.26	0.12	0.62
819	FIDRIV	257.5161957639	0.26	0.13	0.61
820	FIDRIV	257.4655981178	0.26	0.14	0.6
821	FIDRIV	260.1122643634	0.26	0.15	0.59
822	FIDRIV	252.4480392599	0.26	0.16	0.58
823	FIDRIV	257.2897589662	0.26	0.17	0.57
824	FIDRIV	264.1392974604	0.26	0.18	0.56
825	FIDRIV	257.2110966162	0.26	0.19	0.55
826	FIDRIV	248.2988041245	0.26	0.2	0.54
827	FIDRIV	260.2997631084	0.26	0.21	0.53
828	FIDRIV	255.027312212	0.26	0.22	0.52
829	FIDRIV	260.1169895484	0.26	0.23	0.51
830	FIDRIV	250.7913154269	0.26	0.24	0.5
831	FIDRIV	260.1302816114	0.26	0.25	0.49
832	FIDRIV	251.6588478573	0.26	0.26	0.48
833	FIDRIV	260.9417890437	0.26	0.27	0.47
834	FIDRIV	256.9477317403	0.26	0.28	0.46
835	FIDRIV	253.9950181791	0.26	0.29	0.45
836	FIDRIV	256.2882890877	0.26	0.3	0.44
837	FIDRIV	257.672567063	0.27	0.0	0.73
838	FIDRIV	256.0753656176	0.27	0.01	0.72
839	FIDRIV	261.6839244561	0.27	0.02	0.71
840	FIDRIV	261.8637909117	0.27	0.03	0.7
841	FIDRIV	258.1276224354	0.27	0.04	0.69
842	FIDRIV	261.1330608557	0.27	0.05	0.68
843	FIDRIV	261.8439836915	0.27	0.06	0.67
844	FIDRIV	262.1757033668	0.27	0.07	0.66
845	FIDRIV	267.8934802019	0.27	0.08	0.65
846	FIDRIV	259.657413331	0.27	0.09	0.64
847	FIDRIV	257.903955538	0.27	0.1	0.63
848	FIDRIV	257.9308419965	0.27	0.11	0.62
849	FIDRIV	258.0864313395	0.27	0.12	0.61
850	FIDRIV	256.9018450306	0.27	0.13	0.6
851	FIDRIV	255.3781330366	0.27	0.14	0.59
852	FIDRIV	255.9026464026	0.27	0.15	0.58
853	FIDRIV	253.5714865999	0.27	0.16	0.57
854	FIDRIV	252.9079746212	0.27	0.17	0.56
855	FIDRIV	256.4748989527	0.27	0.18	0.55
856	FIDRIV	258.2775290931	0.27	0.19	0.54
857	FIDRIV	259.6184129593	0.27	0.2	0.53
858	FIDRIV	258.9527777043	0.27	0.21	0.52
859	FIDRIV	256.4231818369	0.27	0.22	0.51
860	FIDRIV	261.0719871107	0.27	0.23	0.5
861	FIDRIV	259.9868593416	0.27	0.24	0.49
862	FIDRIV	256.4989838372	0.27	0.25	0.48
863	FIDRIV	262.9111866981	0.27	0.26	0.47
864	FIDRIV	259.4648550376	0.27	0.27	0.46
865	FIDRIV	263.6332677496	0.27	0.28	0.45
866	FIDRIV	268.0653289279	0.27	0.29	0.44
867	FIDRIV	260.8218519741	0.27	0.3	0.43
868	FIDRIV	265.6746811238	0.28	0.0	0.72
869	FIDRIV	264.7208694903	0.28	0.01	0.71
870	FIDRIV	265.6899031014	0.28	0.02	0.7
871	FIDRIV	254.7185029294	0.28	0.03	0.69
872	FIDRIV	265.7374134249	0.28	0.04	0.68
873	FIDRIV	262.9018767379	0.28	0.05	0.67
874	FIDRIV	260.6357626732	0.28	0.06	0.66
875	FIDRIV	262.5420366668	0.28	0.07	0.65
876	FIDRIV	264.5065517863	0.28	0.08	0.64
877	FIDRIV	261.2061343715	0.28	0.09	0.63
878	FIDRIV	262.3733565568	0.28	0.1	0.62
879	FIDRIV	256.9236924894	0.28	0.11	0.61
880	FIDRIV	265.4743108451	0.28	0.12	0.6
881	FIDRIV	267.283983583	0.28	0.13	0.59
882	FIDRIV	255.0437569951	0.28	0.14	0.58
883	FIDRIV	258.1933399357	0.28	0.15	0.57
884	FIDRIV	258.3741455036	0.28	0.16	0.56
885	FIDRIV	251.2564219979	0.28	0.17	0.55
886	FIDRIV	264.7826518184	0.28	0.18	0.54
887	FIDRIV	270.2773349214	0.28	0.19	0.53
888	FIDRIV	256.0830355143	0.28	0.2	0.52
889	FIDRIV	261.1097167339	0.28	0.21	0.51
890	FIDRIV	251.0924315337	0.28	0.22	0.5
891	FIDRIV	268.0756165684	0.28	0.23	0.49
892	FIDRIV	266.4126744649	0.28	0.24	0.48
893	FIDRIV	263.1871286334	0.28	0.25	0.47
894	FIDRIV	263.3590691457	0.28	0.26	0.46
895	FIDRIV	266.9664126207	0.28	0.27	0.45
896	FIDRIV	260.8498701364	0.28	0.28	0.44
897	FIDRIV	258.7759283135	0.28	0.29	0.43
898	FIDRIV	269.376578542	0.28	0.3	0.42
899	FIDRIV	274.8936501637	0.29	0.0	0.71
900	FIDRIV	266.5280034162	0.29	0.01	0.7
901	FIDRIV	266.4981474409	0.29	0.02	0.69
902	FIDRIV	265.1168228717	0.29	0.03	0.68
903	FIDRIV	278.977637681	0.29	0.04	0.67
904	FIDRIV	261.4224779965	0.29	0.05	0.66
905	FIDRIV	264.681055052	0.29	0.06	0.65
906	FIDRIV	269.4334350785	0.29	0.07	0.64
907	FIDRIV	258.7714302125	0.29	0.08	0.63
908	FIDRIV	266.0991776511	0.29	0.09	0.62
909	FIDRIV	259.0044130432	0.29	0.1	0.61
910	FIDRIV	265.3795399303	0.29	0.11	0.6
911	FIDRIV	261.4506868039	0.29	0.12	0.59
912	FIDRIV	261.9384689733	0.29	0.13	0.58
913	FIDRIV	263.5137874543	0.29	0.14	0.57
914	FIDRIV	266.6537990168	0.29	0.15	0.56
915	FIDRIV	259.0956881314	0.29	0.16	0.55
916	FIDRIV	269.7414875371	0.29	0.17	0.54
917	FIDRIV	273.0616902708	0.29	0.18	0.53
918	FIDRIV	265.7814130998	0.29	0.19	0.52
919	FIDRIV	265.6421768547	0.29	0.2	0.51
920	FIDRIV	264.8114488408	0.29	0.21	0.5
921	FIDRIV	263.9474105384	0.29	0.22	0.49
922	FIDRIV	268.9653672947	0.29	0.23	0.48
923	FIDRIV	273.746513156	0.29	0.24	0.47
924	FIDRIV	263.8450149589	0.29	0.25	0.46
925	FIDRIV	267.3402889347	0.29	0.26	0.45
926	FIDRIV	265.4063935019	0.29	0.27	0.44
927	FIDRIV	264.0102763452	0.29	0.28	0.43
928	FIDRIV	261.6922608367	0.29	0.29	0.42
929	FIDRIV	268.3025048041	0.29	0.3	0.41
930	FIDRIV	275.0408045769	0.3	0.0	0.7
931	FIDRIV	263.6917595196	0.3	0.01	0.69
932	FIDRIV	268.9604987336	0.3	0.02	0.68
933	FIDRIV	276.1996029289	0.3	0.03	0.67
934	FIDRIV	269.6895450048	0.3	0.04	0.66
935	FIDRIV	271.3147567738	0.3	0.05	0.65
936	FIDRIV	275.7487165242	0.3	0.06	0.64
937	FIDRIV	269.4854093339	0.3	0.07	0.63
938	FIDRIV	273.0990473024	0.3	0.08	0.62
939	FIDRIV	265.7313879598	0.3	0.09	0.61
940	FIDRIV	268.6614815034	0.3	0.1	0.6
941	FIDRIV	263.357900807	0.3	0.11	0.59
942	FIDRIV	267.0610170071	0.3	0.12	0.58
943	FIDRIV	267.886820775	0.3	0.13	0.57
944	FIDRIV	271.2038428662	0.3	0.14	0.56
945	FIDRIV	265.7844921137	0.3	0.15	0.55
946	FIDRIV	265.3306913816	0.3	0.16	0.54
947	FIDRIV	276.0062529173	0.3	0.17	0.53
948	FIDRIV	263.9684464921	0.3	0.18	0.52
949	FIDRIV	269.5697196737	0.3	0.19	0.51
950	FIDRIV	274.8175230979	0.3	0.2	0.5
951	FIDRIV	268.3317648731	0.3	0.21	0.49
952	FIDRIV	267.3451592436	0.3	0.22	0.48
953	FIDRIV	275.0702659785	0.3	0.23	0.47
954	FIDRIV	268.4092069053	0.3	0.24	0.46
955	FIDRIV	271.7579583698	0.3	0.25	0.45
956	FIDRIV	267.3703490501	0.3	0.26	0.44
957	FIDRIV	270.8865606178	0.3	0.27	0.43
958	FIDRIV	273.5940393731	0.3	0.28	0.42
959	FIDRIV	273.0384850164	0.3	0.29	0.41
960	FIDRIV	263.8221076061	0.3	0.3	0.4
