MOF,O2_comp,CO2_comp,H2_comp,CH4_comp,H2S_comp,N2_comp,O2_mass,O2_error,CO2_mass,CO2_error,H2_mass,H2_error,CH4_mass,CH4_error,H2S_mass,H2S_error,N2_mass,N2_error,total_mass,total_error
ZIF-8_v2_EQeq,0.1,0.0,0.0,0.0,0.0,0.9,1.4103110017,0.0758717083,0.0000000000,0.0000000000,0.0000000000,0.0000000000,0.0000000000,0.0000000000,0.0000000000,0.0000000000,9.6625483702,0.5775231828,11.0728593719,.6533948911
ZIF-8_v2_EQeq,0.1,0.0,0.0,0.0,0.01,0.89,1.3297636443,0.1163699628,0.0000000000,0.0000000000,0.0000000000,0.0000000000,0.0000000000,0.0000000000,13.7495356520,3.4889543645,8.7202047024,0.5492209713,23.7995039987,4.1545452986
ZIF-8_v2_EQeq,0.1,0.0,0.0,0.02,0.02,0.86,1.2623967637,0.1330518259,0.0000000000,0.0000000000,0.0000000000,0.0000000000,0.5403855086,0.0442119611,29.5439540311,1.8575411194,8.0874882398,0.6243367381,39.4342245432,2.6591416445
ZIF-8_v2_EQeq,0.1,0.04,0.02,0.01,0.0,0.83,1.3085284320,0.1763245146,7.7124883424,0.7204729756,0.0023065326,0.0005835117,0.2775349487,0.0546192154,0.0000000000,0.0000000000,8.4958371625,0.5272004869,17.7966954182,1.4792007042
ZIF-8_v2_EQeq,0.1,0.04,0.02,0.01,0.01,0.82,1.3282991469,0.1398115720,7.9702425220,0.9343979591,0.0017529648,0.0006257466,0.2602807919,0.0507302599,15.7686818688,1.3595809494,7.9150457591,0.3383530275,33.2443030535,2.8234995145
ZIF-8_v2_EQeq,0.1,0.04,0.02,0.01,0.02,0.81,1.2572710228,0.1034105252,8.6619500274,0.8783445836,0.0025371859,0.0008752676,0.2665216571,0.0242848005,29.5189974151,3.5076761619,7.6208037567,0.2964009431,47.3280810650,4.8109922819
ZIF-8_v2_EQeq,0.1,0.04,0.02,0.01,0.03,0.8,1.2609322663,0.0804274455,8.6136211187,0.5958319972,0.0022142713,0.0014470620,0.2599136821,0.0317162403,46.3218190612,2.6126806626,7.3765636632,0.1523273204,63.8350640628,3.4744307280
ZIF-8_v2_EQeq,0.1,0.04,0.02,0.02,0.0,0.8200000000000001,1.3378183801,0.0644378858,7.8494202503,0.6268542847,0.0018452261,0.0014587793,0.5543356780,0.0298241347,0.0000000000,0.0000000000,8.6714848937,0.5562542219,18.4149044282,1.2788293064
ZIF-8_v2_EQeq,0.1,0.04,0.02,0.02,0.01,0.81,1.2396970539,0.1139676360,8.1847020543,0.6779757678,0.0018913567,0.0004519862,0.5447908253,0.0529656765,14.5824627125,2.8995188692,8.0644104357,0.5371831659,32.6179544384,4.2820631016
ZIF-8_v2_EQeq,0.1,0.04,0.02,0.02,0.02,0.8,1.2594677689,0.1053013353,8.1071744299,0.8330654502,0.0019374874,0.0014470620,0.5458921544,0.0318857564,28.6447359592,2.7202523669,7.6547794127,0.4650932340,46.2139872125,4.1570452048
ZIF-8_v2_EQeq,0.1,0.04,0.02,0.02,0.03,0.79,1.2587355202,0.1053420629,8.7284022768,0.5023133372,0.0013839196,0.0010519407,0.5268024490,0.0754140231,44.9936591511,8.4336130114,7.3541269092,0.2700518240,62.8631102259,9.3877861993
ZIF-8_v2_EQeq,0.1,0.04,0.02,0.03,0.0,0.81,1.3817533022,0.1445778660,7.7145020470,0.4295661761,0.0023987939,0.0014173451,0.7925898866,0.1028274262,0.0000000000,0.0000000000,8.5509674723,0.5819012136,18.4422115020,1.2602900270
ZIF-8_v2_EQeq,0.1,0.04,0.02,0.03,0.01,0.8,1.2309100695,0.1577583905,7.8907011932,0.8726011648,0.0021681407,0.0013869915,0.8138822504,0.0429753635,14.5528267309,2.4742838048,7.8535049481,0.6775435733,32.3439933328,4.2265492884
ZIF-8_v2_EQeq,0.1,0.0,0.0,0.02,0.03,0.85,1.2184618415,0.0801335725,0.0000000000,0.0000000000,0.0000000000,0.0000000000,0.5367144114,0.0530267086,45.6128951867,4.3643802116,8.0329989801,0.4862761266,55.4010704197,4.9838166193
ZIF-8_v2_EQeq,0.1,0.04,0.02,0.03,0.02,0.79,1.2148005980,0.0975183739,8.3377435984,0.4292262099,0.0023987939,0.0011147976,0.7716646325,0.0511113774,28.9488947173,2.6281367078,7.5227230892,0.3386541009,46.7982254293,3.5457615675
ZIF-8_v2_EQeq,0.1,0.04,0.02,0.03,0.03,0.78,1.1459692199,0.0605601109,8.7364570950,0.4128143397,0.0023065326,0.0016760098,0.7474353910,0.0628776544,47.2475535376,3.3136736678,7.2214295356,0.4703752991,65.1011513117,4.3219770817
ZIF-8_v2_EQeq,0.1,0.04,0.03,0.0,0.0,0.83,1.3048671884,0.1934356605,7.8252557960,0.2235665517,0.0034136683,0.0019658371,0.0000000000,0.0000000000,0.0000000000,0.0000000000,8.5907125794,0.2683053203,17.7242492321,.6872733696
ZIF-8_v2_EQeq,0.1,0.04,0.03,0.0,0.01,0.82,1.2763094890,0.0860945130,8.0155508739,0.7614466280,0.0032752763,0.0006779794,0.0000000000,0.0000000000,14.0856700743,1.9549719819,8.0522304835,0.3980792171,31.4330361970,3.2012703194
ZIF-8_v2_EQeq,0.1,0.04,0.03,0.0,0.02,0.81,1.3261024008,0.1107028304,8.5934840735,0.7598900209,0.0025833165,0.0015271963,0.0000000000,0.0000000000,29.5462937139,4.7808777129,7.6720877658,0.2356275597,47.1405512705,5.8886253202
ZIF-8_v2_EQeq,0.1,0.04,0.03,0.0,0.03,0.8,1.2631290124,0.1077177415,8.8079436057,0.3008854638,0.0027678391,0.0015160079,0.0000000000,0.0000000000,48.8237198197,4.6561962424,7.3675889616,0.3860931537,66.2651492385,5.4524086093
ZIF-8_v2_EQeq,0.1,0.04,0.03,0.01,0.0,0.82,1.3671083282,0.0529249182,7.5735427300,0.6426399720,0.0029062311,0.0014470620,0.2720283029,0.0121534943,0.0000000000,0.0000000000,8.5048118641,0.8757748782,17.7203974563,1.5849403247
ZIF-8_v2_EQeq,0.1,0.04,0.03,0.01,0.01,0.8099999999999999,1.3136541729,0.0542852664,7.7437007626,0.8902851669,0.0028139698,0.0016348745,0.2756994001,0.0733264335,15.1252691114,2.1526008149,7.8842753536,0.7400884005,32.3454127704,3.9122209567
ZIF-8_v2_EQeq,0.1,0.04,0.03,0.01,0.02,0.8,1.2916867118,0.1594487313,8.2118870654,0.7080512712,0.0027678391,0.0013684563,0.2591794627,0.0313572737,30.9243668561,3.1351694585,7.8791469527,0.3341439515,48.5690348878,4.3695391425
ZIF-8_v2_EQeq,0.1,0.04,0.03,0.01,0.03,0.79,1.2499485357,0.1044423860,8.7777380378,0.2629870360,0.0025833165,0.0011449327,0.2503688294,0.0280160283,48.2161821978,3.8523378435,7.3022018500,0.2254966104,65.7990227672,4.4744248369
ZIF-8_v2_EQeq,0.1,0.0,0.0,0.03,0.0,0.87,1.3326926392,0.1304964982,0.0000000000,0.0000000000,0.0000000000,0.0000000000,0.7793739367,0.0592219781,0.0000000000,0.0000000000,9.3484338142,0.3639132584,11.4605003901,.5536317347
ZIF-8_v2_EQeq,0.1,0.04,0.03,0.02,0.0,0.81,1.3356216340,0.1606547646,7.8453928413,0.6951977678,0.0030446230,0.0010680018,0.5308406559,0.0769845802,0.0000000000,0.0000000000,8.1823636567,0.7434456920,17.8972634109,1.6773508064
ZIF-8_v2_EQeq,0.1,0.04,0.03,0.02,0.01,0.8,1.3012059449,0.0695597727,8.2139007699,0.4971281436,0.0026294472,0.0017161595,0.5337775336,0.0307496852,14.9536923761,3.7802284500,8.0035106748,0.3848009772,33.0087167465,4.7641831882
ZIF-8_v2_EQeq,0.1,0.04,0.03,0.02,0.02,0.79,1.2726482455,0.1679134252,8.1706061226,0.4667713235,0.0027217085,0.0023230803,0.5429552767,0.0418826984,30.0423064577,2.7418641828,7.4605412282,0.5035341532,47.4917790392,3.9242888634
ZIF-8_v2_EQeq,0.1,0.04,0.03,0.02,0.03,0.78,1.2660580072,0.2299960421,8.8351286168,0.3777507889,0.0031368844,0.0014761809,0.5282708878,0.0557910159,48.4353324825,6.9353694116,7.2182242850,0.4134052613,66.2861511637,8.0137887007
ZIF-8_v2_EQeq,0.1,0.04,0.03,0.03,0.0,0.8,1.3356216340,0.1925911534,7.8544545117,0.2875722359,0.0033214070,0.0013241988,0.7991978616,0.0855798823,0.0000000000,0.0000000000,8.1419774995,0.4438067304,18.1345729138,1.0108742008
ZIF-8_v2_EQeq,0.1,0.04,0.03,0.03,0.01,0.79,1.3187799138,0.0707520508,7.8474065458,0.5221050837,0.0027217085,0.0009850812,0.8028689588,0.0366080370,14.3874891496,2.5545393049,7.7477316793,0.1988454376,32.1069979558,3.3838349952
ZIF-8_v2_EQeq,0.1,0.04,0.03,0.03,0.02,0.78,1.2836319761,0.2371219844,8.4344014157,0.4655360853,0.0025833165,0.0022861450,0.7892858991,0.0504959387,29.1797434157,5.4102270978,7.3598963602,0.2926279672,47.0495423833,6.4582952184
ZIF-8_v2_EQeq,0.1,0.04,0.03,0.03,0.03,0.77,1.2558065254,0.1801391340,8.4253397454,0.6313726416,0.0028139698,0.0018544293,0.7738672909,0.0686642398,44.9219088800,2.6317750782,7.1566834741,0.7432245561,62.5364198856,4.2570300790
ZIF-8_v2_EQeq,0.1,0.08,0.0,0.0,0.0,0.8200000000000001,1.3136541729,0.1100226520,15.4853878207,1.0135557219,0.0000000000,0.0000000000,0.0000000000,0.0000000000,0.0000000000,0.0000000000,8.0355631805,0.3855478121,24.8346051741,1.5091261860
ZIF-8_v2_EQeq,0.1,0.08,0.0,0.0,0.01,0.81,1.2916867118,0.0837968984,16.1197047471,1.1888192527,0.0000000000,0.0000000000,0.0000000000,0.0000000000,14.8608849602,3.1279574112,7.9528677158,0.4388155431,40.2251441349,4.8393891054
ZIF-8_v2_EQeq,0.1,0.0,0.0,0.03,0.01,0.86,1.3012059449,0.1668884595,0.0000000000,0.0000000000,0.0000000000,0.0000000000,0.7768041686,0.1238286718,14.7852352178,1.0499079969,8.5490443219,0.6699436828,25.4122896532,2.0105688110
ZIF-8_v2_EQeq,0.1,0.08,0.0,0.0,0.02,0.8,1.2418938000,0.0909168671,16.3734315176,0.9557695931,0.0000000000,0.0000000000,0.0000000000,0.0000000000,29.8598112029,2.2702323804,7.4688748796,0.3801465013,54.9440114001,3.6970653419
ZIF-8_v2_EQeq,0.1,0.08,0.0,0.0,0.03,0.79,1.2155328467,0.1151284994,17.4729141899,1.3772973507,0.0000000000,0.0000000000,0.0000000000,0.0000000000,48.0524044051,5.5302045653,7.0374481528,0.3274404666,73.7782995945,7.3500708820
ZIF-8_v2_EQeq,0.1,0.08,0.0,0.01,0.0,0.81,1.3246379034,0.1210670873,15.2457569819,1.1858240743,0.0000000000,0.0000000000,0.2815731556,0.0208445921,0.0000000000,0.0000000000,8.2156982626,0.6044310559,25.0676663035,1.9321668096
ZIF-8_v2_EQeq,0.1,0.08,0.0,0.01,0.01,0.8,1.2484840383,0.1209430158,15.9284028169,1.1478645720,0.0000000000,0.0000000000,0.2610150113,0.0339174417,14.5169515953,3.1916352552,7.6797803672,0.2897659974,39.6346338290,4.7841262821
ZIF-8_v2_EQeq,0.1,0.08,0.0,0.01,0.02,0.79,1.2594677689,0.1425159907,17.1436734996,1.3830001899,0.0000000000,0.0000000000,0.2507359391,0.0381935279,31.8579002750,3.0561324268,7.4393865744,0.3783173420,57.9511640570,4.9981594773
ZIF-8_v2_EQeq,0.1,0.08,0.0,0.01,0.03,0.78,1.2294455721,0.1090436092,17.7467780057,0.9974730443,0.0000000000,0.0000000000,0.2742309612,0.0386843773,47.8917461893,5.2582726081,7.2182242850,0.3773602359,74.3604250133,6.7808338748
ZIF-8_v2_EQeq,0.1,0.08,0.0,0.02,0.0,0.8,1.3348893853,0.1415798654,15.5498263656,1.4397269183,0.0000000000,0.0000000000,0.5403855086,0.0484584831,0.0000000000,0.0000000000,8.1291564972,0.1790080074,25.5542577567,1.8087732742
ZIF-8_v2_EQeq,0.1,0.08,0.0,0.02,0.01,0.79,1.2880254683,0.1774037779,16.0482182363,0.9272754050,0.0000000000,0.0000000000,0.5484619225,0.0358491618,15.0418204265,3.3194102429,7.8727364515,0.3043037275,40.7992625051,4.7642423151
ZIF-8_v2_EQeq,0.1,0.08,0.0,0.02,0.02,0.78,1.2484840383,0.2013883627,16.8476589339,1.7743650924,0.0000000000,0.0000000000,0.5205615837,0.0386146380,29.6882344676,7.8808962018,7.3445111575,0.6685215327,55.6494501810,10.5637858276
ZIF-8_v2_EQeq,0.1,0.08,0.0,0.02,0.03,0.77,1.2894899657,0.0815923540,17.0258717847,0.8434273470,0.0000000000,0.0000000000,0.5077127435,0.0163518434,46.4785778057,2.3815442159,6.9329569842,0.5223358781,72.2346092838,3.8452516384
ZIF-8_v2_EQeq,0.1,0.0,0.0,0.03,0.02,0.85,1.2858287222,0.0391325107,0.0000000000,0.0000000000,0.0000000000,0.0000000000,0.8219586643,0.0838875835,29.2608524178,4.8025338348,7.9496624652,0.4224593209,39.3183022695,5.3480132499
ZIF-8_v2_EQeq,0.1,0.08,0.0,0.03,0.0,0.79,1.2872932196,0.0881865813,15.4874015252,1.1699363360,0.0000000000,0.0000000000,0.7852476922,0.0557426827,0.0000000000,0.0000000000,8.0637693855,0.5911775135,25.6237118225,1.9050431135
ZIF-8_v2_EQeq,0.1,0.08,0.0,0.03,0.01,0.78,1.2572710228,0.1921563469,15.8730259424,0.5493391858,0.0000000000,0.0000000000,0.8135151407,0.1118185114,15.4013516764,2.3861736076,7.4259245220,0.6169740191,40.7710883043,3.8564616708
ZIF-8_v2_EQeq,0.1,0.08,0.0,0.03,0.02,0.77,1.2294455721,0.0726957394,16.8335630022,0.6822685324,0.0000000000,0.0000000000,0.7999320810,0.0735099976,30.8908314032,2.1083206013,7.2457894399,0.2101471394,56.9995614984,3.1469420101
ZIF-8_v2_EQeq,0.1,0.08,0.0,0.03,0.03,0.76,1.1598819453,0.1692366004,17.2453655782,0.8157019691,0.0000000000,0.0000000000,0.7727659617,0.0432504487,47.7201694540,6.5703461203,6.8015417108,0.2679252061,73.6997246500,7.8664603446
ZIF-8_v2_EQeq,0.1,0.08,0.01,0.0,0.0,0.81,1.2704514994,0.1659476545,15.3836957421,0.8608062807,0.0008764824,0.0007936618,0.0000000000,0.0000000000,0.0000000000,0.0000000000,8.2682643719,0.4624206900,24.9232880958,1.4899682870
ZIF-8_v2_EQeq,0.1,0.08,0.01,0.0,0.01,0.8,1.2748449916,0.0604537717,15.7713338637,0.9789669661,0.0005074372,0.0004519862,0.0000000000,0.0000000000,15.4816807843,1.6129555627,7.7342696269,0.5763892582,40.2626367037,3.2292175449
ZIF-8_v2_EQeq,0.1,0.08,0.01,0.0,0.02,0.79,1.2616645150,0.1113981097,16.6321925494,1.3950104351,0.0007842211,0.0004704422,0.0000000000,0.0000000000,31.4219393884,3.2486092267,7.3214333534,0.1569407991,56.6380140273,4.9124290128
ZIF-8_v2_EQeq,0.1,0.08,0.01,0.0,0.03,0.78,1.2470195409,0.0950908890,17.5665514505,1.3074603735,0.0008303517,0.0004704422,0.0000000000,0.0000000000,46.0652338525,7.3357359063,7.0771932599,0.3743864387,71.9568284555,9.1131440497
ZIF-8_v2_EQeq,0.1,0.08,0.01,0.01,0.0,0.8,1.2982769501,0.0863432697,15.2840173679,1.1446984821,0.0005535678,0.0006257466,0.2768007293,0.0514687304,0.0000000000,0.0000000000,7.8785059026,0.4700431933,24.7381545177,1.7531794221
ZIF-8_v2_EQeq,0.1,0.08,0.01,0.01,0.01,0.79,1.2909544631,0.1897414504,15.6031895356,1.1010858286,0.0007842211,0.0004704422,0.2632176696,0.0245277650,15.0589781001,1.0493030102,7.4823369320,0.4286626906,39.6994609215,2.7937911870
ZIF-8_v2_EQeq,0.1,0.0,0.0,0.03,0.03,0.84,1.2309100695,0.2049459341,0.0000000000,0.0000000000,0.0000000000,0.0000000000,0.7698290839,0.0435980469,48.1896657933,3.6621728137,7.8047851394,0.2788089010,57.9951900861,4.1895256957
ZIF-8_v2_EQeq,0.1,0.08,0.01,0.01,0.02,0.78,1.2660580072,0.0932460575,16.9020289562,0.9433641559,0.0008764824,0.0007936618,0.2547741460,0.0335177407,32.4591987428,6.9857161609,7.4560538774,0.5049489532,58.3389902120,8.5615867300
ZIF-8_v2_EQeq,0.1,0.08,0.01,0.01,0.03,0.77,1.2316423182,0.1186694818,17.5192293940,1.0959992726,0.0004613065,0.0002917559,0.2551412558,0.0326707026,48.5538764087,3.4383010622,6.9932156950,0.1995056716,74.5535663782,4.8854379467
ZIF-8_v2_EQeq,0.1,0.08,0.01,0.02,0.0,0.79,1.2602000176,0.1955200022,14.7815980882,2.1780744256,0.0007842211,0.0008555961,0.5502974711,0.0679460492,0.0000000000,0.0000000000,7.7317054264,0.4548005472,24.3245852244,2.8971966203
ZIF-8_v2_EQeq,0.1,0.08,0.01,0.02,0.01,0.78,1.2638612611,0.1236958585,15.7350871822,0.6763649522,0.0006458291,0.0003452102,0.5477277030,0.0640330282,14.9380944911,1.4835991296,7.5477240437,0.4456363508,40.0331405102,2.7936745295
ZIF-8_v2_EQeq,0.1,0.08,0.01,0.02,0.02,0.77,1.2536097792,0.1333899096,16.7640901960,1.0951109545,0.0006458291,0.0011449327,0.5260682295,0.0644525912,32.8850210040,6.4023369288,7.1464266722,0.2759823114,58.5758617100,7.9724176282
ZIF-8_v2_EQeq,0.1,0.08,0.01,0.02,0.03,0.76,1.2872932196,0.1072788084,17.2121394535,0.7738496464,0.0006919598,0.0004126051,0.5172575962,0.0800400224,46.5596868079,5.0610005456,6.9310338339,0.2477341463,72.5081028709,6.2703157742
ZIF-8_v2_EQeq,0.1,0.08,0.01,0.03,0.0,0.78,1.2807029813,0.1708133925,15.2286404934,1.3410274338,0.0011071357,0.0008945065,0.8197560059,0.1081971438,0.0000000000,0.0000000000,7.7900409868,0.2481319426,25.1202476031,1.8690644192
ZIF-8_v2_EQeq,0.1,0.08,0.01,0.03,0.01,0.77,1.2213908363,0.2036441437,15.8327518518,1.3208735177,0.0008764824,0.0010680018,0.7709304131,0.0916157595,14.1862764328,2.2359066296,7.2804061461,0.5023902832,39.2926321625,4.3554983355
ZIF-8_v2_EQeq,0.1,0.08,0.01,0.03,0.02,0.76,1.2616645150,0.0445650194,17.2594615099,1.0398712470,0.0013839196,0.0009676447,0.7683606451,0.0761467333,31.0296525800,1.9767917914,6.9964209455,0.2978062454,57.3169441151,3.4361486812
ZIF-8_v2_EQeq,0.1,0.08,0.01,0.03,0.03,0.75,1.2433582974,0.0725776309,16.9443167513,0.7165902738,0.0009687437,0.0009850812,0.7628539993,0.0681915570,47.2998064525,6.1145627182,6.7829512575,0.3956977570,73.0342555017,7.3686050181
ZIF-8_v2_EQeq,0.1,0.0,0.01,0.0,0.0,0.89,1.3429441210,0.1079564074,0.0000000000,0.0000000000,0.0006458291,0.0006779794,0.0000000000,0.0000000000,0.0000000000,0.0000000000,9.2529173472,0.4114603016,10.5965072973,.5200946884
ZIF-8_v2_EQeq,0.1,0.08,0.02,0.0,0.0,0.8,1.3400151262,0.0538090706,15.3746340717,1.3000798322,0.0011071357,0.0010273784,0.0000000000,0.0000000000,0.0000000000,0.0000000000,8.0868471897,0.3961046528,24.8026035233,1.7510209340
ZIF-8_v2_EQeq,0.1,0.08,0.02,0.0,0.01,0.79,1.2733804942,0.1308575759,15.5629154450,1.1982235719,0.0018452261,0.0012717343,0.0000000000,0.0000000000,13.9062943965,2.3554531393,7.6810624674,0.4220155160,38.4254980292,4.1078215374
ZIF-8_v2_EQeq,0.1,0.08,0.02,0.0,0.02,0.78,1.2514130331,0.0937049484,15.9888139527,0.7780303880,0.0012916583,0.0014761809,0.0000000000,0.0000000000,29.6679572171,2.0465673425,7.4432328751,0.4572336843,54.3527087363,3.3770125441
ZIF-8_v2_EQeq,0.1,0.08,0.02,0.0,0.03,0.77,1.1979588778,0.0595602291,17.1678379539,1.1064458908,0.0020758794,0.0012029402,0.0000000000,0.0000000000,47.9931324419,3.6846701265,6.8310300161,0.2504660813,73.1920351691,5.1023452679
ZIF-8_v2_EQeq,0.1,0.08,0.02,0.01,0.0,0.79,1.2697192507,0.1426212962,15.4642439232,2.0125503446,0.0020297487,0.0011815212,0.2712940835,0.0561761845,0.0000000000,0.0000000000,8.1612090029,0.2657197186,25.1684960090,2.4782490651
ZIF-8_v2_EQeq,0.1,0.08,0.02,0.01,0.01,0.78,1.2623967637,0.0732834268,15.8659779765,1.2326536621,0.0022604020,0.0014113266,0.2602807919,0.0288502465,14.9053389325,1.1888269615,7.4932347840,0.4133336836,39.7894896506,2.9383593071
ZIF-8_v2_EQeq,0.1,0.08,0.02,0.01,0.02,0.77,1.2850964735,0.1684490355,16.5858773453,0.4568757873,0.0018913567,0.0011815212,0.2613821210,0.0196463733,31.0678673983,5.3636098676,7.2919450481,0.6277841440,56.4940597429,6.6375467289
ZIF-8_v2_EQeq,0.1,0.08,0.02,0.01,0.03,0.76,1.2499485357,0.0251961661,17.7185861423,0.7349773258,0.0018452261,0.0010106720,0.2646861085,0.0288502465,48.2980710942,4.6399982666,6.9912925446,0.6258619245,74.5244296514,6.0558946015
ZIF-8_v2_EQeq,0.1,0.08,0.02,0.02,0.0,0.78,1.2872932196,0.0934987262,15.2336747547,1.1929733568,0.0020297487,0.0007380904,0.5135864990,0.0477750672,0.0000000000,0.0000000000,7.9541498160,0.5278392782,24.9907340380,1.8628245188
ZIF-8_v2_EQeq,0.1,0.08,0.02,0.02,0.01,0.77,1.2741127429,0.1157786857,15.9847865437,1.3216315760,0.0016607035,0.0010680018,0.5631463113,0.0591217639,14.7384415627,2.1032208068,7.5861870505,0.4526630935,40.1483349146,4.0534839277
ZIF-8_v2_EQeq,0.1,0.0,0.01,0.0,0.01,0.88,1.3151186703,0.0627174327,0.0000000000,0.0000000000,0.0008764824,0.0003452102,0.0000000000,0.0000000000,13.5966763787,1.7024103661,8.7926433653,0.5852812117,23.7053148967,2.3507542207
ZIF-8_v2_EQeq,0.1,0.08,0.02,0.02,0.02,0.76,1.2850964735,0.0587626733,16.3251026089,0.8168643983,0.0015684422,0.0008945065,0.5102825115,0.0521244095,30.0033117452,4.7823898944,7.2002748818,0.5236025755,55.3256366631,6.2346384575
ZIF-8_v2_EQeq,0.1,0.08,0.02,0.02,0.03,0.75,1.2536097792,0.1389035451,17.6813326086,0.7211030647,0.0024449246,0.0013241988,0.5257011198,0.0396478498,46.4427026702,7.6958374574,6.9182128316,0.5333691046,72.8240039340,9.1301852204
ZIF-8_v2_EQeq,0.1,0.08,0.02,0.03,0.0,0.77,1.3348893853,0.1525188095,15.5055248660,0.8387266707,0.0017068341,0.0016400728,0.8109453726,0.0762457814,0.0000000000,0.0000000000,7.9253025609,0.4107245652,25.5783690189,1.4798558996
ZIF-8_v2_EQeq,0.1,0.08,0.02,0.03,0.01,0.76,1.2309100695,0.2351601632,15.9133000329,1.3149043413,0.0023987939,0.0013241988,0.7834121436,0.0603401531,15.5425125359,0.7579095637,7.2566872919,0.6654952393,40.7292208677,3.0351336594
ZIF-8_v2_EQeq,0.1,0.08,0.02,0.03,0.02,0.75,1.2506807844,0.1599322360,16.9423030468,0.9619439341,0.0016145728,0.0008752676,0.7610184507,0.0517403351,31.4523552642,4.3528703379,6.9053918293,0.4336570172,57.3133639482,5.9610191279
ZIF-8_v2_EQeq,0.1,0.08,0.02,0.03,0.03,0.74,1.1964943804,0.0493168278,16.9755291715,0.5922140344,0.0020758794,0.0017985039,0.7911214477,0.0550419787,44.5795353036,2.0842381680,6.6399970821,0.4766689332,70.1847532647,3.2592784460
ZIF-8_v2_EQeq,0.1,0.08,0.03,0.0,0.0,0.79,1.3055994371,0.1074785457,15.3695998104,1.4892839190,0.0028139698,0.0012850513,0.0000000000,0.0000000000,0.0000000000,0.0000000000,8.1650553036,0.8323052623,24.8430685209,2.4303527783
ZIF-8_v2_EQeq,0.1,0.08,0.03,0.0,0.01,0.78,1.2396970539,0.1255203289,15.9294096692,0.6964448857,0.0026755778,0.0017650627,0.0000000000,0.0000000000,14.5840225010,2.6831490711,7.7317054264,0.6486895036,39.4875102283,4.1555688520
ZIF-8_v2_EQeq,0.1,0.08,0.03,0.0,0.02,0.77,1.2389648052,0.1189402728,16.4197467217,1.1537419882,0.0032291457,0.0012717343,0.0000000000,0.0000000000,30.3043509262,4.5505946749,7.2964323989,0.1952668532,55.2627239977,6.0198155234
ZIF-8_v2_EQeq,0.1,0.08,0.03,0.0,0.03,0.76,1.2001556239,0.0440324471,17.7216066991,1.5477045328,0.0026755778,0.0021159844,0.0000000000,0.0000000000,49.7432151421,4.1277544610,6.7598734534,0.0738738987,75.4275264963,5.7954813240
ZIF-8_v2_EQeq,0.1,0.0,0.01,0.0,0.02,0.87,1.1942976343,0.0653959998,0.0000000000,0.0000000000,0.0008303517,0.0008555961,0.0000000000,0.0000000000,26.5756765103,3.6285501784,8.3003168777,0.5621187113,36.0711213740,4.2569204856
ZIF-8_v2_EQeq,0.1,0.08,0.03,0.01,0.0,0.78,1.3129219242,0.1330679446,15.3162366404,1.5899673344,0.0024910552,0.0008455888,0.2705598640,0.0359392729,0.0000000000,0.0000000000,7.9868433718,0.6797477290,24.8890528556,2.4395678697
ZIF-8_v2_EQeq,0.1,0.08,0.03,0.01,0.01,0.77,1.3041349397,0.0726957394,15.8397998177,1.1427591341,0.0029984924,0.0026095438,0.2650532182,0.0327201663,15.8224945722,3.0192187485,7.5323388409,0.5225718484,40.7668198811,4.7925751805
ZIF-8_v2_EQeq,0.1,0.08,0.03,0.01,0.02,0.76,1.2587355202,0.1240421522,16.1760884738,0.8202330481,0.0026755778,0.0011523433,0.2624834502,0.0173748032,29.6710767941,4.8855578856,7.0233450503,0.1957209041,54.3944048664,6.0440811365
ZIF-8_v2_EQeq,0.1,0.08,0.03,0.01,0.03,0.75,1.2353035617,0.1579078666,17.5584966323,1.3647866655,0.0024910552,0.0011071357,0.2617492307,0.0240841884,49.4725918368,7.8058212672,6.6374328816,0.3197908548,75.1680651983,9.6734979782
ZIF-8_v2_EQeq,0.1,0.08,0.03,0.02,0.0,0.77,1.3070639346,0.1090042645,15.5880867516,1.1078413351,0.0026755778,0.0011523433,0.5422210572,0.0645361765,0.0000000000,0.0000000000,7.7099097225,0.5552337801,25.1499570437,1.8377678995
ZIF-8_v2_EQeq,0.1,0.08,0.03,0.02,0.01,0.76,1.2953479553,0.1664251656,15.5447921043,1.1602049118,0.0025833165,0.0006779794,0.5139536087,0.0441753669,14.7329823030,1.5845593457,7.3656658113,0.5653029836,39.4553250991,3.5213457530
ZIF-8_v2_EQeq,0.1,0.08,0.03,0.02,0.02,0.75,1.3070639346,0.2593856023,16.9261934105,0.6288886611,0.0025371859,0.0015980127,0.5293722170,0.0764998876,30.9290462216,2.8387876501,7.1977106814,0.3891464608,56.8919236510,4.1943062746
ZIF-8_v2_EQeq,0.1,0.08,0.03,0.02,0.03,0.74,1.2733804942,0.1632372719,17.4296195426,0.7930877563,0.0021681407,0.0011523433,0.5161562671,0.0330317158,48.3674816826,4.0191231100,6.6335865809,0.1940423858,74.2223927081,5.2036745831
ZIF-8_v2_EQeq,0.1,0.08,0.03,0.03,0.0,0.76,1.3261024008,0.1081548934,15.5568743315,1.4417674424,0.0034597989,0.0012378153,0.8050716171,0.0693672250,0.0000000000,0.0000000000,7.9272257112,0.2704411056,25.6187338595,1.8909684817
ZIF-8_v2_EQeq,0.1,0.08,0.03,0.03,0.01,0.75,1.3319603904,0.1399648910,15.6575595579,1.3537037889,0.0029523617,0.0022104237,0.7914885575,0.0467485077,14.4865357195,1.0436022559,7.3855383648,0.5157549959,39.6560349518,3.1019848631
ZIF-8_v2_EQeq,0.1,0.0,0.01,0.0,0.03,0.86,1.2638612611,0.1665539876,0.0000000000,0.0000000000,0.0007842211,0.0009039725,0.0000000000,0.0000000000,45.3906253251,4.6005971805,7.9983822739,0.4244816811,54.6536530812,5.1925368217
ZIF-8_v2_EQeq,0.1,0.08,0.03,0.03,0.02,0.74,1.2243198311,0.0994996394,16.7107270260,1.2880722048,0.0022604020,0.0003452102,0.7955267644,0.0480675474,30.0399667750,4.1971401628,7.0579617565,0.1865444817,55.8307625550,5.8196692463
ZIF-8_v2_EQeq,0.1,0.08,0.03,0.03,0.03,0.73,1.2448227948,0.1732197725,17.6571681542,0.8971635616,0.0021681407,0.0009498883,0.7558789146,0.0393612844,46.9363757313,3.6666961915,6.6239708292,0.2540564988,73.2203845648,5.0314471971
ZIF-8_v2_EQeq,0.1,0.12,0.0,0.0,0.0,0.78,1.3334248879,0.1400414876,22.9582453243,1.1254176474,0.0000000000,0.0000000000,0.0000000000,0.0000000000,0.0000000000,0.0000000000,7.7573474310,0.7251112772,32.0490176432,1.9905704122
ZIF-8_v2_EQeq,0.1,0.12,0.0,0.0,0.01,0.77,1.3187799138,0.1520117267,24.6054556283,0.8147817807,0.0000000000,0.0000000000,0.0000000000,0.0000000000,14.6089791170,2.2160285852,7.3143818021,0.7710316691,47.8475964612,3.9538537617
ZIF-8_v2_EQeq,0.1,0.12,0.0,0.0,0.02,0.76,1.2404293026,0.1141368810,25.2065464299,1.1875906749,0.0000000000,0.0000000000,0.0000000000,0.0000000000,32.2384886696,3.6880855294,7.1823254786,0.2588255217,65.8677898807,5.2486386070
ZIF-8_v2_EQeq,0.1,0.12,0.0,0.0,0.03,0.75,1.2660580072,0.0653959998,26.5426393842,0.7227656560,0.0000000000,0.0000000000,0.0000000000,0.0000000000,49.1270986835,3.8631826955,6.6675622370,0.3438180718,83.6033583119,4.9951624231
ZIF-8_v2_EQeq,0.1,0.12,0.0,0.01,0.0,0.77,1.3224411573,0.0741562256,23.0971909368,1.4148477747,0.0000000000,0.0000000000,0.2566096946,0.0356228867,0.0000000000,0.0000000000,7.3970772669,0.1299546303,32.0733190556,1.6545815173
ZIF-8_v2_EQeq,0.1,0.12,0.0,0.01,0.01,0.76,1.1767236654,0.1623942074,23.9550290657,1.1129903595,0.0000000000,0.0000000000,0.2679900960,0.0506558207,15.6166024898,1.6902624199,7.1118099661,0.7962699169,48.1281552830,3.8125727244
ZIF-8_v2_EQeq,0.1,0.12,0.0,0.01,0.02,0.75,1.3085284320,0.1290587040,25.6042530742,0.5940257702,0.0000000000,0.0000000000,0.2599136821,0.0328024399,31.6013150663,1.3353739177,7.0098829979,0.3161098649,65.7838932525,2.4073706967
ZIF-8_v2_EQeq,0.1,0.12,0.0,0.01,0.03,0.74,1.2008878726,0.1360485773,25.8589866970,1.3886620893,0.0000000000,0.0000000000,0.2661545474,0.0376533615,47.3091651835,5.7544916827,6.5374290638,0.3269380721,81.1726233643,7.6437937829
ZIF-8_v2_EQeq,0.1,0.0,0.0,0.0,0.02,0.88,1.2902222144,0.0886716596,0.0000000000,0.0000000000,0.0000000000,0.0000000000,0.0000000000,0.0000000000,28.3538354035,6.0074913492,8.4855803606,1.0764955126,38.1296379785,7.1726585214
ZIF-8_v2_EQeq,0.1,0.0,0.01,0.01,0.0,0.88,1.3495343593,0.1153704250,0.0000000000,0.0000000000,0.0008303517,0.0008043154,0.2540399266,0.0351812950,0.0000000000,0.0000000000,9.3189455090,0.9141077923,10.9233501466,1.0654638277
ZIF-8_v2_EQeq,0.1,0.12,0.0,0.02,0.0,0.76,1.3341571366,0.1337912763,23.0257044260,2.3827102986,0.0000000000,0.0000000000,0.5165233768,0.0911615563,0.0000000000,0.0000000000,7.6605488638,0.6941954151,32.5369338032,3.3018585463
ZIF-8_v2_EQeq,0.1,0.12,0.0,0.02,0.01,0.75,1.2755772403,0.1088664464,23.3841438320,0.5871252454,0.0000000000,0.0000000000,0.5220300226,0.0496128109,15.3062045778,1.0376334016,7.1432214217,0.4763757226,47.6311770944,2.2596136269
ZIF-8_v2_EQeq,0.1,0.12,0.0,0.02,0.02,0.74,1.2038168675,0.0994780817,24.8893879667,1.0689907484,0.0000000000,0.0000000000,0.5135864990,0.0652753705,29.8488926834,5.4535403617,6.8111574625,0.4699557580,63.2668414791,7.1572403203
ZIF-8_v2_EQeq,0.1,0.12,0.0,0.02,0.03,0.73,1.2008878726,0.0785931780,25.8650278106,2.0674421072,0.0000000000,0.0000000000,0.5187260351,0.0679936360,48.1631493887,4.6243544055,6.3310109271,0.1574114187,82.0788020341,6.9957947454
ZIF-8_v2_EQeq,0.1,0.12,0.0,0.03,0.0,0.75,1.3151186703,0.1271163501,23.2290885833,1.8467591896,0.0000000000,0.0000000000,0.7969952033,0.1003331753,0.0000000000,0.0000000000,7.4086161689,0.4303084405,32.7498186258,2.5045171555
ZIF-8_v2_EQeq,0.1,0.12,0.0,0.03,0.01,0.74,1.2433582974,0.1285591845,23.6489459774,1.2770062503,0.0000000000,0.0000000000,0.7672593159,0.0448415169,14.4748373058,1.5774158943,6.7650018543,0.1960649442,46.8994027508,3.2238877902
ZIF-8_v2_EQeq,0.1,0.12,0.0,0.03,0.02,0.73,1.1986911265,0.1177623482,24.9638950343,1.5205989443,0.0000000000,0.0000000000,0.7712975228,0.0590305125,31.9140526611,3.3501243346,6.7278209477,0.3576577093,65.5757572924,5.4051738489
ZIF-8_v2_EQeq,0.1,0.12,0.0,0.03,0.03,0.72,1.1737946706,0.1027864367,26.0714325247,1.3211098822,0.0000000000,0.0000000000,0.7701961937,0.0935258396,46.4130666886,5.8148417488,6.3624223827,0.3908198179,80.7909124603,7.7230837252
ZIF-8_v2_EQeq,0.1,0.12,0.01,0.0,0.0,0.77,1.2536097792,0.2089976854,23.2995682418,2.6065256376,0.0010148743,0.0008555961,0.0000000000,0.0000000000,0.0000000000,0.0000000000,7.6945245198,0.6683370950,32.2487174151,3.4847160141
ZIF-8_v2_EQeq,0.1,0.12,0.01,0.0,0.01,0.76,1.2375003078,0.1204988608,24.0808855987,0.8699949346,0.0009226130,0.0006523859,0.0000000000,0.0000000000,14.7860151121,2.2220302697,7.2977144992,0.4297312324,47.4030381308,3.6429076834
ZIF-8_v2_EQeq,0.1,0.0,0.01,0.01,0.01,0.87,1.2836319761,0.0949780483,0.0000000000,0.0000000000,0.0012455276,0.0002259931,0.2668887668,0.0540836227,14.4685981518,1.5792856665,8.8580304769,0.9216829407,24.8783948992,2.6502562713
ZIF-8_v2_EQeq,0.1,0.12,0.01,0.0,0.02,0.75,1.3026704423,0.1236091335,25.0927721241,1.4897004475,0.0004613065,0.0005835117,0.0000000000,0.0000000000,31.4929097653,5.2571638906,6.8759035241,0.1380507039,64.7647171623,7.0091076872
ZIF-8_v2_EQeq,0.1,0.12,0.01,0.0,0.03,0.74,1.1913686395,0.1961879993,25.9475896962,0.9362188585,0.0007380904,0.0007936618,0.0000000000,0.0000000000,49.5973749171,6.5137466341,6.4829398041,0.5738684059,83.2200111473,8.2208155596
ZIF-8_v2_EQeq,0.1,0.12,0.01,0.01,0.0,0.76,1.3165831677,0.2334300449,22.0752358888,1.0502777071,0.0009687437,0.0005379712,0.2584452433,0.0617966818,0.0000000000,0.0000000000,7.5066968364,0.5157964270,31.1579298799,1.8618388320
ZIF-8_v2_EQeq,0.1,0.12,0.01,0.01,0.01,0.75,1.3034026910,0.1829156673,24.3124616194,1.7099731002,0.0009687437,0.0007936618,0.2650532182,0.0222215125,15.1666035068,2.7126269250,7.1515550731,0.3121433560,48.2000448522,4.9406742228
ZIF-8_v2_EQeq,0.1,0.12,0.01,0.01,0.02,0.74,1.2653257585,0.0489238588,25.3263618493,1.2185890982,0.0011993970,0.0005379712,0.2753322904,0.0325880964,31.5669997192,5.2923543450,6.6861526903,0.2775680372,65.1213717047,6.8705614068
ZIF-8_v2_EQeq,0.1,0.12,0.01,0.01,0.03,0.73,1.2074781110,0.0863184262,26.4671254644,2.5211275095,0.0007380904,0.0009850812,0.2639518891,0.0661368310,49.1005822789,3.9231412705,6.4970429066,0.5990715355,83.5369187404,7.1967806539
ZIF-8_v2_EQeq,0.1,0.12,0.01,0.02,0.0,0.75,1.3195121625,0.2408909042,22.2796268984,1.4214044051,0.0013839196,0.0008252102,0.5337775336,0.0712760327,0.0000000000,0.0000000000,7.5316977908,0.3769549102,31.6659983049,2.1113514624
ZIF-8_v2_EQeq,0.1,0.12,0.01,0.02,0.01,0.74,1.2484840383,0.1185248070,23.3046025031,1.8762539980,0.0009226130,0.0006523859,0.5282708878,0.0462849513,14.8406077097,2.0943632852,6.9547526881,0.7670924703,46.8776404400,4.9031718977
ZIF-8_v2_EQeq,0.1,0.12,0.01,0.02,0.02,0.73,1.1986911265,0.1111089387,25.5921708470,1.7232134574,0.0006458291,0.0007380904,0.5029403171,0.0346719535,31.4001023494,3.4046670988,6.9041097291,0.4613601642,65.5986601982,5.7357597030
ZIF-8_v2_EQeq,0.1,0.12,0.01,0.02,0.03,0.72,1.1701334271,0.1344309705,26.6403040539,1.4941958984,0.0005996985,0.0007495344,0.5014718782,0.0620578325,50.3772691684,6.4043650910,6.1886978017,0.4857688102,84.8784760278,8.5815681370
ZIF-8_v2_EQeq,0.1,0.0,0.01,0.01,0.02,0.86,1.2763094890,0.1325026234,0.0000000000,0.0000000000,0.0010610050,0.0012916583,0.2654203279,0.0454149000,30.0220292072,4.6779952935,8.3086505291,0.4005901595,39.8734705582,5.2577946347
ZIF-8_v2_EQeq,0.1,0.12,0.01,0.03,0.0,0.74,1.2799707325,0.1179443330,22.5575181232,1.2857688696,0.0010148743,0.0008555961,0.8098440435,0.1065858045,0.0000000000,0.0000000000,7.3566911097,0.4008567916,32.0050388832,1.9120113948
ZIF-8_v2_EQeq,0.1,0.12,0.01,0.03,0.01,0.73,1.2462872922,0.1625921929,23.3358149233,2.1203515040,0.0006458291,0.0003452102,0.7613855604,0.0645695803,14.5668648274,1.5504690014,6.8912887268,0.4552809940,46.8022871592,4.3536084828
ZIF-8_v2_EQeq,0.1,0.12,0.01,0.03,0.02,0.72,1.2404293026,0.1336950582,24.3728727553,0.6214032462,0.0008764824,0.0005379712,0.7760699492,0.0407078168,31.3650071081,3.4471664687,6.6412791823,0.5200493122,64.3965347799,4.7635598733
ZIF-8_v2_EQeq,0.1,0.12,0.01,0.03,0.03,0.71,1.2177295928,0.0908224570,25.2780329406,0.6456867501,0.0007842211,0.0006257466,0.7551446951,0.0719609969,46.5924423665,4.3983120758,6.0662572299,0.2179042400,79.9103910460,5.4253122664
ZIF-8_v2_EQeq,0.1,0.12,0.02,0.0,0.0,0.76,1.3034026910,0.0730782738,23.1656568907,2.0607056161,0.0021220100,0.0014704032,0.0000000000,0.0000000000,0.0000000000,0.0000000000,7.4816958819,0.5940898860,31.9528774736,2.7293441791
ZIF-8_v2_EQeq,0.1,0.12,0.02,0.0,0.01,0.75,1.2865609709,0.2353060442,23.3388354801,0.3784478951,0.0017990954,0.0010273784,0.0000000000,0.0000000000,15.0574183116,1.3649584329,7.0457818043,0.3672584999,46.7303956623,2.3469982505
ZIF-8_v2_EQeq,0.1,0.12,0.02,0.0,0.02,0.74,1.1862428986,0.0521903810,25.6042530742,2.0328344717,0.0014300502,0.0011071357,0.0000000000,0.0000000000,31.2176070946,3.8864082972,6.8720572234,0.4057801650,64.8815903410,6.3783204506
ZIF-8_v2_EQeq,0.1,0.12,0.02,0.0,0.03,0.73,1.1789204116,0.1424407248,26.0321652864,1.0392744481,0.0014761809,0.0006904204,0.0000000000,0.0000000000,51.3287401551,5.4875234966,6.4008853895,0.3553985533,84.9421874235,7.0253276432
ZIF-8_v2_EQeq,0.1,0.12,0.02,0.01,0.0,0.75,1.3480698619,0.1216855468,22.7619091328,1.4384194638,0.0013377889,0.0014411676,0.2782691682,0.0602596936,0.0000000000,0.0000000000,7.4573359776,0.5430659362,31.8469219294,2.1648718080
ZIF-8_v2_EQeq,0.1,0.12,0.02,0.01,0.01,0.74,1.3070639346,0.1626185727,24.0980020872,1.8885435347,0.0018452261,0.0008752676,0.2683572057,0.0511535485,15.0886140816,1.2601952096,6.9778304922,0.3371947975,47.7417130274,3.7005809306
ZIF-8_v2_EQeq,0.1,0.0,0.01,0.01,0.03,0.85,1.2792384838,0.2119021980,0.0000000000,0.0000000000,0.0011993970,0.0005379712,0.2562425849,0.0174676345,46.1018888823,9.0870480362,7.8605564994,0.7770902451,55.4991258474,10.0940460850
ZIF-8_v2_EQeq,0.1,0.12,0.02,0.01,0.02,0.73,1.2316423182,0.1784404603,25.2206423616,1.6106539856,0.0014300502,0.0018544293,0.2690914251,0.0451171723,31.2246261428,3.0543574387,6.6182013782,0.3041956728,64.5656336761,5.1946191590
ZIF-8_v2_EQeq,0.1,0.12,0.02,0.01,0.03,0.72,1.1899041421,0.0492297725,26.3573785677,1.1197283654,0.0016145728,0.0017260510,0.2577110238,0.0453555108,48.2239811404,1.7261820733,6.3483192802,0.4169803096,82.3789087270,3.3592020826
ZIF-8_v2_EQeq,0.1,0.12,0.02,0.02,0.0,0.74,1.3034026910,0.1145682601,23.4687194222,2.9516086635,0.0018452261,0.0009676447,0.5510316905,0.0553057830,0.0000000000,0.0000000000,7.4765674810,0.2232695735,32.8015665108,3.3457199248
ZIF-8_v2_EQeq,0.1,0.12,0.02,0.02,0.01,0.73,1.2433582974,0.1947065686,23.8926042253,1.3162759521,0.0015684422,0.0004519862,0.5260682295,0.0547769038,15.1822013918,0.7289170548,6.9009044785,0.2442392522,47.7467050647,2.5393677177
ZIF-8_v2_EQeq,0.1,0.12,0.02,0.02,0.02,0.72,1.2279810746,0.2074009623,24.9900731931,1.1150360385,0.0019836180,0.0010356306,0.5286379976,0.0727210906,32.2946410557,3.4102784355,6.4887092551,0.2705687166,65.5320261941,5.0770408741
ZIF-8_v2_EQeq,0.1,0.12,0.02,0.02,0.03,0.71,1.1803849090,0.0781278826,25.4743691321,0.9833684372,0.0019374874,0.0008555961,0.4963323422,0.0577471875,50.2376680974,6.1737256513,6.1207464896,0.2102253454,83.5114384577,7.5040501001
ZIF-8_v2_EQeq,0.1,0.12,0.02,0.03,0.0,0.73,1.2968124527,0.1253322322,22.5232851463,1.9226396965,0.0023987939,0.0004704422,0.8186546768,0.0745874446,0.0000000000,0.0000000000,7.3297670049,0.4139893497,31.9709180746,2.5370191652
ZIF-8_v2_EQeq,0.1,0.12,0.02,0.03,0.01,0.72,1.2404293026,0.0933609917,23.4123356954,1.6595491120,0.0022604020,0.0014113266,0.8036031782,0.0985441752,14.7555992363,1.2631205433,6.7996185605,0.4665259548,47.0138463750,3.5825121036
ZIF-8_v2_EQeq,0.1,0.12,0.02,0.03,0.02,0.71,1.2499485357,0.1118784004,24.9941006022,1.1980678895,0.0019374874,0.0007495344,0.7646895479,0.0668744543,33.2024379644,3.2407120292,6.5316596128,0.4352989897,66.7447737504,5.0535812975
ZIF-8_v2_EQeq,0.1,0.12,0.02,0.03,0.03,0.7,1.2367680591,0.1058498363,25.9677267415,1.7756192942,0.0019374874,0.0011147976,0.7657908770,0.0414947675,48.9555219482,4.3245951288,6.0604877789,0.3771075033,82.9882328921,6.6257813277
ZIF-8_v2_EQeq,0.1,0.0,0.01,0.02,0.0,0.87,1.3378183801,0.1484569912,0.0000000000,0.0000000000,0.0009687437,0.0005379712,0.5392841795,0.0681045426,0.0000000000,0.0000000000,9.0990653199,0.3052475748,10.9771366232,.5223470798
ZIF-8_v2_EQeq,0.1,0.12,0.03,0.0,0.0,0.75,1.3085284320,0.1703859498,22.4236067721,0.5046891541,0.0030446230,0.0009408844,0.0000000000,0.0000000000,0.0000000000,0.0000000000,7.3977183170,0.2726385457,31.1328981441,.9486545340
ZIF-8_v2_EQeq,0.1,0.12,0.03,0.0,0.01,0.74,1.2799707325,0.1086692601,24.3597836758,1.2077259009,0.0028601004,0.0007495344,0.0000000000,0.0000000000,14.9552521646,3.9780796559,6.9932156950,0.5358718850,47.5910823683,5.8310962363
ZIF-8_v2_EQeq,0.1,0.12,0.03,0.0,0.02,0.73,1.2528775305,0.1755809631,25.4552389391,2.3152488450,0.0030446230,0.0015271963,0.0000000000,0.0000000000,30.7067763599,4.5386216499,6.7406419500,0.5931844231,64.1585794025,7.6241630774
ZIF-8_v2_EQeq,0.1,0.12,0.03,0.0,0.03,0.72,1.2389648052,0.1766283445,26.1026449449,0.8385090802,0.0027217085,0.0011449327,0.0000000000,0.0000000000,47.8254551779,4.2362161528,6.3476782300,0.6251024261,81.5174648665,5.8776009363
ZIF-8_v2_EQeq,0.1,0.12,0.03,0.01,0.0,0.74,1.2301778208,0.0918089207,23.4385138543,0.8344466955,0.0033214070,0.0023809853,0.2602807919,0.0412994357,0.0000000000,0.0000000000,7.4342581735,0.9309283760,32.3665520475,1.9008644132
ZIF-8_v2_EQeq,0.1,0.12,0.03,0.01,0.01,0.73,1.2616645150,0.0719841816,23.5885348416,1.0526610326,0.0023987939,0.0019264726,0.2705598640,0.0328024399,14.6791695996,2.1773530143,6.8611593715,0.2003771309,46.6634869856,3.5371042719
ZIF-8_v2_EQeq,0.1,0.12,0.03,0.01,0.02,0.72,1.2250520798,0.0525181103,25.1692928961,2.0153611255,0.0024910552,0.0017358861,0.2646861085,0.0138142563,30.6966377347,2.9902003998,6.6707674876,0.4334067714,64.0289273619,5.5070365494
ZIF-8_v2_EQeq,0.1,0.12,0.03,0.01,0.03,0.71,1.1877073960,0.1345904190,25.9294663555,1.5997561284,0.0025371859,0.0012717343,0.2540399266,0.0431006199,47.8940858720,8.8106975558,6.2611364646,0.3524166808,81.5289732006,10.9418331382
ZIF-8_v2_EQeq,0.1,0.12,0.03,0.02,0.0,0.73,1.2931512092,0.2068728943,23.0871224141,2.0015047976,0.0027678391,0.0018681490,0.5414868378,0.0659981193,0.0000000000,0.0000000000,7.3438701074,0.3193279040,32.2683984076,2.5955718642
ZIF-8_v2_EQeq,0.1,0.12,0.03,0.02,0.01,0.72,1.2455550435,0.1152588301,24.1553926662,1.1512755783,0.0019836180,0.0006257466,0.5165233768,0.0320543761,15.0488394748,2.3476314523,6.7848744079,0.4074457238,47.7531685872,4.0542917072
ZIF-8_v2_EQeq,0.1,0.0,0.01,0.02,0.01,0.86,1.3407473749,0.1387335947,0.0000000000,0.0000000000,0.0009687437,0.0007936618,0.5502974711,0.0509423438,14.7782161696,2.1812926994,8.7048194997,0.6566731635,25.3750492590,3.0284354632
ZIF-8_v2_EQeq,0.1,0.12,0.03,0.02,0.02,0.71,1.2023523700,0.0814871414,25.0897515673,1.8012516653,0.0028139698,0.0009408844,0.5223971323,0.0328845077,32.2572061317,3.4139184710,6.6669211869,0.2315957121,65.7414423580,5.5620783819
ZIF-8_v2_EQeq,0.1,0.12,0.03,0.02,0.03,0.7,1.1906363908,0.1011881868,25.6858081076,0.3338986866,0.0024449246,0.0021159844,0.4955981227,0.0253279104,48.8478965415,2.6781227926,6.1643378974,0.3109826540,82.3867219846,3.4516362148
ZIF-8_v2_EQeq,0.1,0.12,0.03,0.03,0.0,0.72,1.2609322663,0.0910582986,22.9944920058,0.9695229259,0.0023987939,0.0013559587,0.8175533476,0.0652836285,0.0000000000,0.0000000000,7.3201512532,0.4157920422,32.3955276668,1.5430128539
ZIF-8_v2_EQeq,0.1,0.12,0.03,0.03,0.01,0.71,1.2477517896,0.2368414255,23.1334376183,2.4736899185,0.0023065326,0.0013369933,0.7635882187,0.0914390654,13.9718055136,1.7963726029,6.6611517358,0.2425982992,45.7800414086,4.8422783048
ZIF-8_v2_EQeq,0.1,0.12,0.03,0.03,0.02,0.7,1.2118716032,0.1369911884,25.4663143140,0.3240500478,0.0027217085,0.0015548151,0.7804752658,0.0930867487,32.8304284065,3.9670834207,6.5649942187,0.3959469265,66.8568055167,4.9187131472
ZIF-8_v2_EQeq,0.1,0.12,0.03,0.03,0.03,0.69,1.2008878726,0.1390115872,25.9022813443,1.9198051090,0.0023987939,0.0013241988,0.7830450339,0.0501531537,48.4688679353,6.9888457425,6.1476705944,0.5162423973,82.5051515744,9.6153821885
ZIF-8_v2_EQeq,0.15000000000000002,0.0,0.0,0.0,0.0,0.85,1.9653555184,0.1972129422,0.0000000000,0.0000000000,0.0000000000,0.0000000000,0.0000000000,0.0000000000,0.0000000000,0.0000000000,8.7234099530,0.8798290794,10.6887654714,1.0770420216
ZIF-8_v2_EQeq,0.15000000000000002,0.0,0.0,0.0,0.01,0.84,1.9843939847,0.1425159907,0.0000000000,0.0000000000,0.0000000000,0.0000000000,0.0000000000,0.0000000000,14.3219780325,1.7304684788,8.4567331055,0.4335432870,24.7631051227,2.3065277565
ZIF-8_v2_EQeq,0.15000000000000002,0.0,0.0,0.0,0.02,0.83,1.9616942749,0.2396769806,0.0000000000,0.0000000000,0.0000000000,0.0000000000,0.0000000000,0.0000000000,28.7929158670,3.1410802290,8.0221011281,0.5054044954,38.7767112700,3.8861617050
ZIF-8_v2_EQeq,0.15000000000000002,0.0,0.0,0.0,0.03,0.82,1.8943273942,0.1151843735,0.0000000000,0.0000000000,0.0000000000,0.0000000000,0.0000000000,0.0000000000,43.4642865241,5.6637151256,7.4348992236,0.7706328962,52.7935131419,6.5495323953
ZIF-8_v2_EQeq,0.1,0.0,0.01,0.02,0.02,0.85,1.3012059449,0.2131133082,0.0000000000,0.0000000000,0.0007842211,0.0003690452,0.5143207185,0.0630488902,29.6437804953,9.8741683999,8.1656963537,0.3935985057,39.6257877335,10.5442981492
ZIF-8_v2_EQeq,0.15000000000000002,0.0,0.0,0.01,0.0,0.84,1.9558362853,0.2455556475,0.0000000000,0.0000000000,0.0000000000,0.0000000000,0.2558754752,0.0253916820,0.0000000000,0.0000000000,8.3586524380,0.2771946948,10.5703641985,.5481420243
ZIF-8_v2_EQeq,0.15000000000000002,0.0,0.0,0.01,0.01,0.83,1.9426558086,0.1695025266,0.0000000000,0.0000000000,0.0000000000,0.0000000000,0.2591794627,0.0446849595,14.2471081844,2.8057105149,8.1592858525,0.5134423248,24.6082293082,3.5333403258
ZIF-8_v2_EQeq,0.15000000000000002,0.0,0.0,0.01,0.02,0.82,1.9660877671,0.2482312302,0.0000000000,0.0000000000,0.0000000000,0.0000000000,0.2635847793,0.0234030647,28.5885835731,2.2958295901,7.6522152123,0.3501002338,38.4704713318,2.9175641188
ZIF-8_v2_EQeq,0.15000000000000002,0.0,0.0,0.01,0.03,0.8099999999999999,1.9075078709,0.1565711429,0.0000000000,0.0000000000,0.0000000000,0.0000000000,0.2621163405,0.0438323472,45.1855131369,2.0858554243,7.4457970755,0.1662780693,54.8009344238,2.4525369837
ZIF-8_v2_EQeq,0.15000000000000002,0.0,0.0,0.02,0.0,0.83,1.9843939847,0.1336629701,0.0000000000,0.0000000000,0.0000000000,0.0000000000,0.5315748753,0.0900010491,0.0000000000,0.0000000000,8.6035335816,1.0500972242,11.1195024416,1.2737612434
ZIF-8_v2_EQeq,0.15000000000000002,0.0,0.0,0.02,0.01,0.82,1.9082401196,0.1557057609,0.0000000000,0.0000000000,0.0000000000,0.0000000000,0.5624120918,0.0587191969,14.4452013242,1.5417671049,7.9804328707,0.4636596313,24.8962864063,2.2198516940
ZIF-8_v2_EQeq,0.15000000000000002,0.0,0.0,0.02,0.02,0.81,1.9851262334,0.1711270075,0.0000000000,0.0000000000,0.0000000000,0.0000000000,0.5124851699,0.0418182931,27.5450850648,1.5723751257,7.7387569777,0.3813165243,37.7814534458,2.1666369506
ZIF-8_v2_EQeq,0.15000000000000002,0.0,0.0,0.02,0.03,0.8,1.9353333216,0.1069785032,0.0000000000,0.0000000000,0.0000000000,0.0000000000,0.5271695587,0.0532195152,46.3491153600,6.2335713701,7.4413097247,0.7254195150,56.2529279650,7.1191889035
ZIF-8_v2_EQeq,0.15000000000000002,0.0,0.0,0.03,0.0,0.82,1.9302075807,0.2645597438,0.0000000000,0.0000000000,0.0000000000,0.0000000000,0.7900201186,0.1013276032,0.0000000000,0.0000000000,8.4157058982,0.6538158078,11.1359335975,1.0197031548
ZIF-8_v2_EQeq,0.15000000000000002,0.0,0.0,0.03,0.01,0.8099999999999999,1.9638910210,0.1200173271,0.0000000000,0.0000000000,0.0000000000,0.0000000000,0.7511064882,0.0783381522,14.7376616685,2.4340328413,8.1887741578,0.7281200600,25.6414333355,3.3605083806
ZIF-8_v2_EQeq,0.1,0.0,0.01,0.02,0.03,0.84,1.2814352300,0.0736629093,0.0000000000,0.0000000000,0.0006919598,0.0010519407,0.5418539475,0.0652340648,45.2307470035,8.2512508095,7.7676042328,0.5059441069,54.8223323736,8.8971438312
ZIF-8_v2_EQeq,0.15000000000000002,0.0,0.0,0.03,0.02,0.8,1.9009176325,0.1905760777,0.0000000000,0.0000000000,0.0000000000,0.0000000000,0.8226928837,0.0692038338,30.2497583286,5.6799149519,7.8753006520,0.7085503451,40.8486694968,6.6482452085
ZIF-8_v2_EQeq,0.15000000000000002,0.0,0.0,0.03,0.03,0.79,1.8701631870,0.0312044501,0.0000000000,0.0000000000,0.0000000000,0.0000000000,0.7812094853,0.0277258994,47.2966868755,6.1147827489,7.4169498204,0.6198659594,57.3650093682,6.7935790578
ZIF-8_v2_EQeq,0.15000000000000002,0.0,0.01,0.0,0.0,0.84,2.0371158913,0.2763441023,0.0000000000,0.0000000000,0.0015223115,0.0015327599,0.0000000000,0.0000000000,0.0000000000,0.0000000000,8.5266075679,0.9026877934,10.5652457707,1.1805646556
ZIF-8_v2_EQeq,0.15000000000000002,0.0,0.01,0.0,0.01,0.83,2.0136839328,0.1328582490,0.0000000000,0.0000000000,0.0011071357,0.0012514932,0.0000000000,0.0000000000,14.2712849062,2.6123845227,8.3509598367,0.7895343512,24.6370358114,3.5360286161
ZIF-8_v2_EQeq,0.15000000000000002,0.0,0.01,0.0,0.02,0.82,1.9734102541,0.1851879988,0.0000000000,0.0000000000,0.0007842211,0.0009039725,0.0000000000,0.0000000000,29.8566916259,4.2334384089,7.7470906292,0.7164290724,39.5779767303,5.1359594526
ZIF-8_v2_EQeq,0.15000000000000002,0.0,0.01,0.0,0.03,0.8099999999999999,1.9287430833,0.3094355141,0.0000000000,0.0000000000,0.0009687437,0.0007380904,0.0000000000,0.0000000000,47.0650582828,9.1513425527,7.5009273853,0.7722288810,56.4956974951,10.2337450382
ZIF-8_v2_EQeq,0.15000000000000002,0.0,0.01,0.01,0.0,0.83,1.9353333216,0.2303315037,0.0000000000,0.0000000000,0.0008764824,0.0011071357,0.2514701586,0.0636276448,0.0000000000,0.0000000000,8.3516008868,0.6080129692,10.5392808494,.9030792534
ZIF-8_v2_EQeq,0.15000000000000002,0.0,0.01,0.01,0.01,0.82,2.0012357048,0.1098470683,0.0000000000,0.0000000000,0.0007842211,0.0003690452,0.2753322904,0.0382217463,15.6142628070,3.2399942399,8.0983860917,0.4635568082,25.9900011150,3.8519889079
ZIF-8_v2_EQeq,0.15000000000000002,0.0,0.01,0.01,0.02,0.8099999999999999,1.9294753320,0.2041385412,0.0000000000,0.0000000000,0.0010610050,0.0004704422,0.2676229863,0.0428371585,29.2756704086,3.0542220226,7.8368376451,0.4877376197,39.3106673770,3.7894057842
ZIF-8_v2_EQeq,0.15000000000000002,0.0,0.01,0.01,0.03,0.7999999999999999,1.8752889279,0.0676528060,0.0000000000,0.0000000000,0.0010610050,0.0015602802,0.2632176696,0.0358641960,43.6007680181,5.8074769790,7.5874691508,0.4737078412,53.3278047714,6.3862621024
ZIF-8_v2_EQeq,0.1,0.0,0.01,0.03,0.0,0.86,1.3758953126,0.1367090875,0.0000000000,0.0000000000,0.0008303517,0.0011147976,0.8028689588,0.0919270889,0.0000000000,0.0000000000,9.2792004019,0.6680714152,11.4587950250,.8978223892
ZIF-8_v2_EQeq,0.15000000000000002,0.0,0.01,0.02,0.0,0.82,2.0224709172,0.3079138446,0.0000000000,0.0000000000,0.0011993970,0.0007380904,0.5271695587,0.0451052223,0.0000000000,0.0000000000,8.4778877593,0.6447574844,11.0287276322,.9985146417
ZIF-8_v2_EQeq,0.15000000000000002,0.0,0.01,0.02,0.01,0.8099999999999999,2.0173451763,0.2804426496,0.0000000000,0.0000000000,0.0007842211,0.0013869915,0.5411197281,0.0528127877,14.9817685692,0.4546723288,8.1740300052,0.8396865829,25.7150476999,1.6290013405
ZIF-8_v2_EQeq,0.15000000000000002,0.0,0.01,0.02,0.02,0.8,2.0510286166,0.0930157632,0.0000000000,0.0000000000,0.0010148743,0.0006257466,0.5400183989,0.0845596422,28.2859846036,2.8845689649,7.7150381235,0.4718930085,38.5930846169,3.5346631254
ZIF-8_v2_EQeq,0.15000000000000002,0.0,0.01,0.02,0.03,0.79,1.9309398294,0.1884939586,0.0000000000,0.0000000000,0.0010148743,0.0010356306,0.5385499600,0.0455334461,44.0492072127,3.7357484959,7.4073340687,0.5515266749,53.9270459451,4.5223382061
ZIF-8_v2_EQeq,0.15000000000000002,0.0,0.01,0.03,0.0,0.8099999999999999,1.9719457567,0.2694675226,0.0000000000,0.0000000000,0.0011071357,0.0005379712,0.7955267644,0.1503555216,0.0000000000,0.0000000000,8.2150572125,0.6078426230,10.9836368693,1.0282036384
ZIF-8_v2_EQeq,0.15000000000000002,0.0,0.01,0.03,0.01,0.7999999999999999,1.9551040366,0.2259791155,0.0000000000,0.0000000000,0.0012455276,0.0008555961,0.8245284323,0.0636869240,14.5910415492,3.6469422955,7.8163240415,0.8952750840,25.1882435872,4.8327390151
ZIF-8_v2_EQeq,0.15000000000000002,0.0,0.01,0.03,0.02,0.79,1.9873229795,0.2500991130,0.0000000000,0.0000000000,0.0011993970,0.0007936618,0.8017676296,0.0942664566,27.8515835056,3.2667818070,7.6945245198,0.4804301741,38.3363980315,4.0923712125
ZIF-8_v2_EQeq,0.15000000000000002,0.0,0.01,0.03,0.03,0.78,1.9111691144,0.0785931780,0.0000000000,0.0000000000,0.0008764824,0.0006779794,0.8182875671,0.0411686995,42.8778060471,5.4846905913,7.3022018500,0.3016179958,52.9103410610,5.9067484440
ZIF-8_v2_EQeq,0.15000000000000002,0.0,0.02,0.0,0.0,0.83,2.0466351244,0.2113143398,0.0000000000,0.0000000000,0.0023065326,0.0010519407,0.0000000000,0.0000000000,0.0000000000,0.0000000000,8.6952037480,0.6057350337,10.7441454050,.8181013142
ZIF-8_v2_EQeq,0.15000000000000002,0.0,0.02,0.0,0.01,0.82,2.0429738809,0.1816803327,0.0000000000,0.0000000000,0.0025833165,0.0024305207,0.0000000000,0.0000000000,13.9398298493,1.8387743255,8.3766018412,0.5122724478,24.3619888879,2.5351576267
ZIF-8_v2_EQeq,0.1,0.0,0.01,0.03,0.01,0.85,1.3077961833,0.1441172602,0.0000000000,0.0000000000,0.0012916583,0.0006257466,0.7735001812,0.0720358705,14.7259632547,2.9618720339,8.4631436066,0.4336570172,25.2716948841,3.6123079284
ZIF-8_v2_EQeq,0.15000000000000002,0.0,0.02,0.0,0.02,0.81,1.9580330314,0.1979727505,0.0000000000,0.0000000000,0.0017990954,0.0010680018,0.0000000000,0.0000000000,29.0752375860,5.9405306383,8.0265884789,0.5106944956,39.0616581917,6.6502658862
ZIF-8_v2_EQeq,0.15000000000000002,0.0,0.02,0.0,0.03,0.8,1.9199560988,0.1329873316,0.0000000000,0.0000000000,0.0021681407,0.0012239845,0.0000000000,0.0000000000,45.5395851271,4.2273422419,7.7720915836,0.7474149507,55.2338009502,5.1089685087
ZIF-8_v2_EQeq,0.15000000000000002,0.0,0.02,0.01,0.0,0.82,2.1308437252,0.3427987715,0.0000000000,0.0000000000,0.0021681407,0.0011887038,0.2687243154,0.0477299112,0.0000000000,0.0000000000,8.3253178321,0.4095823644,10.7270540134,.8012997509
ZIF-8_v2_EQeq,0.15000000000000002,0.0,0.02,0.01,0.01,0.8099999999999999,2.0356513939,0.1296721280,0.0000000000,0.0000000000,0.0020758794,0.0014587793,0.2566096946,0.0375386518,15.0948532356,3.1633802942,7.9599192671,0.6909747121,25.3491094706,4.0230245654
ZIF-8_v2_EQeq,0.15000000000000002,0.0,0.02,0.01,0.02,0.8,1.9294753320,0.1674273489,0.0000000000,0.0000000000,0.0018913567,0.0009850812,0.2823073751,0.0353189316,29.2249772823,4.9824161807,7.4784906314,0.7404991827,38.9171419775,5.9266467251
ZIF-8_v2_EQeq,0.15000000000000002,0.0,0.02,0.01,0.03,0.79,1.9638910210,0.1924351820,0.0000000000,0.0000000000,0.0014300502,0.0007936618,0.2687243154,0.0491762621,44.9913194684,2.4295697521,7.5637502965,0.4725961267,54.7891151515,3.1445709847
ZIF-8_v2_EQeq,0.15000000000000002,0.0,0.02,0.02,0.0,0.81,1.9602297775,0.1476602704,0.0000000000,0.0000000000,0.0019374874,0.0013241988,0.5161562671,0.0443215626,0.0000000000,0.0000000000,8.3535240371,0.6654013723,10.8318475691,.8587074041
ZIF-8_v2_EQeq,0.15000000000000002,0.0,0.02,0.02,0.01,0.8,1.9609620262,0.3163653382,0.0000000000,0.0000000000,0.0017068341,0.0021360036,0.5495632516,0.0424071319,14.5965008090,1.3585337014,8.0663335860,0.5768111789,25.1750665069,2.2962533540
ZIF-8_v2_EQeq,0.15000000000000002,0.0,0.02,0.02,0.02,0.79,1.9463170521,0.1310377416,0.0000000000,0.0000000000,0.0018913567,0.0006779794,0.5447908253,0.0569387058,29.7272291802,3.0401898487,7.7643989822,0.3285430304,39.9846273965,3.5573873059
ZIF-8_v2_EQeq,0.15000000000000002,0.0,0.02,0.02,0.03,0.78,1.8752889279,0.2701749650,0.0000000000,0.0000000000,0.0023526633,0.0008945065,0.5209286934,0.0226777554,45.3953046906,6.2438288956,7.3932309662,0.4265676746,55.1871059414,6.9641437971
ZIF-8_v2_EQeq,0.1,0.0,0.0,0.0,0.03,0.87,1.2404293026,0.1489473780,0.0000000000,0.0000000000,0.0000000000,0.0000000000,0.0000000000,0.0000000000,44.1778897642,9.9711502498,8.0528715336,0.5827790783,53.4711906004,10.7028767061
ZIF-8_v2_EQeq,0.1,0.0,0.01,0.03,0.02,0.84,1.2660580072,0.1477909368,0.0000000000,0.0000000000,0.0005535678,0.0005535678,0.8069071657,0.0609269431,30.3394461675,5.1711202242,8.0868471897,0.2459828824,40.4998120979,5.6263745543
ZIF-8_v2_EQeq,0.15000000000000002,0.0,0.02,0.03,0.0,0.8,2.0202741711,0.1225636470,0.0000000000,0.0000000000,0.0015223115,0.0006257466,0.8208573351,0.0946659167,0.0000000000,0.0000000000,8.0592820347,0.6579260689,10.9019358524,.8757813792
ZIF-8_v2_EQeq,0.15000000000000002,0.0,0.02,0.03,0.01,0.79,1.9704812593,0.1053420629,0.0000000000,0.0000000000,0.0013377889,0.0012850513,0.7863490214,0.0891585495,14.1940753753,3.0544984243,7.8740185518,0.4935602986,24.8262619967,3.7438443866
ZIF-8_v2_EQeq,0.15000000000000002,0.0,0.02,0.03,0.02,0.78,1.9243495910,0.1844685490,0.0000000000,0.0000000000,0.0015223115,0.0009498883,0.7823108144,0.0626199228,28.3616343460,3.2060366571,7.4240013716,0.4971243405,38.4938184345,3.9511993577
ZIF-8_v2_EQeq,0.15000000000000002,0.0,0.02,0.03,0.03,0.77,1.9668200158,0.0897296019,0.0000000000,0.0000000000,0.0018913567,0.0010273784,0.7617526701,0.0781176362,44.2215638422,4.4590002151,7.3509216586,0.3008595092,54.3029495434,4.9287343408
ZIF-8_v2_EQeq,0.15000000000000002,0.0,0.03,0.0,0.0,0.82,2.0671380881,0.2299121002,0.0000000000,0.0000000000,0.0029523617,0.0016348745,0.0000000000,0.0000000000,0.0000000000,0.0000000000,8.2330066157,0.9638341426,10.3030970655,1.1953811173
ZIF-8_v2_EQeq,0.15000000000000002,0.0,0.03,0.0,0.01,0.8099999999999999,1.9726780054,0.1955748419,0.0000000000,0.0000000000,0.0032291457,0.0013684563,0.0000000000,0.0000000000,14.0700721893,2.7931470292,7.9637655677,0.7503693537,24.0097449081,3.7404596811
ZIF-8_v2_EQeq,0.15000000000000002,0.0,0.03,0.0,0.02,0.8,1.9514427930,0.1696542973,0.0000000000,0.0000000000,0.0029523617,0.0021518849,0.0000000000,0.0000000000,29.5501931851,5.2454576515,7.6970887203,0.2049195679,39.2016770601,5.6221834016
ZIF-8_v2_EQeq,0.15000000000000002,0.0,0.03,0.0,0.03,0.79,1.9858584821,0.1825988081,0.0000000000,0.0000000000,0.0024449246,0.0012239845,0.0000000000,0.0000000000,46.3179195900,3.9550897362,7.4784906314,0.5219486560,55.7847136281,4.6608611848
ZIF-8_v2_EQeq,0.15000000000000002,0.0,0.03,0.01,0.0,0.8099999999999999,1.9477815495,0.1339835053,0.0000000000,0.0000000000,0.0028601004,0.0008555961,0.2768007293,0.0399053501,0.0000000000,0.0000000000,8.0592820347,0.8055181779,10.2867244139,.9802626294
ZIF-8_v2_EQeq,0.15000000000000002,0.0,0.03,0.01,0.01,0.7999999999999999,1.9119013631,0.1814086125,0.0000000000,0.0000000000,0.0029062311,0.0013241988,0.2632176696,0.0312884322,14.6846288594,1.9168867849,8.1297975473,0.5575971665,24.9924516705,2.6885051949
ZIF-8_v2_EQeq,0.1,0.0,0.01,0.03,0.03,0.83,1.2492162870,0.0929004019,0.0000000000,0.0000000000,0.0016145728,0.0009676447,0.7808423756,0.0553642355,45.7509364692,11.1179997931,7.5861870505,0.5664416895,55.3687967551,11.8336737647
ZIF-8_v2_EQeq,0.15000000000000002,0.0,0.03,0.01,0.02,0.79,1.9756070002,0.1021585356,0.0000000000,0.0000000000,0.0029062311,0.0010759425,0.2852442528,0.0136572711,27.6324332209,4.9964907454,7.5996491029,0.5228077122,37.4958398079,5.6361902068
ZIF-8_v2_EQeq,0.15000000000000002,0.0,0.03,0.01,0.03,0.78,1.9016498813,0.1048522870,0.0000000000,0.0000000000,0.0022142713,0.0007495344,0.2782691682,0.0417666974,48.5671346110,4.5389105731,7.2816882463,0.3202787992,58.0309561781,5.0065578911
ZIF-8_v2_EQeq,0.15000000000000002,0.0,0.03,0.02,0.0,0.8,2.0158806789,0.2544013679,0.0000000000,0.0000000000,0.0023526633,0.0011815212,0.5143207185,0.0365195761,0.0000000000,0.0000000000,8.1201817956,0.6163369313,10.6527358563,.9084393965
ZIF-8_v2_EQeq,0.15000000000000002,0.0,0.03,0.02,0.01,0.79,1.9455848034,0.1768103918,0.0000000000,0.0000000000,0.0030907537,0.0009498883,0.5374486309,0.0392240889,14.1808171730,2.5807293529,7.8220934925,0.4296776772,24.4890348535,3.2273913991
ZIF-8_v2_EQeq,0.15000000000000002,0.0,0.03,0.02,0.02,0.78,1.9265463371,0.1439683633,0.0000000000,0.0000000000,0.0043362813,0.0023046866,0.5345117531,0.0893638868,28.9847698529,3.8592363921,7.6810624674,0.9997800810,39.1312266918,5.0946534098
ZIF-8_v2_EQeq,0.15000000000000002,0.0,0.03,0.02,0.03,0.77,1.9038466274,0.0763788401,0.0000000000,0.0000000000,0.0027678391,0.0015438269,0.5341446434,0.0862512550,44.7004189126,5.7488721769,7.1727097269,0.4512264279,54.3138877494,6.3642725268
ZIF-8_v2_EQeq,0.15000000000000002,0.0,0.03,0.03,0.0,0.79,2.0319901504,0.1640629324,0.0000000000,0.0000000000,0.0032752763,0.0008945065,0.8160849087,0.0795061685,0.0000000000,0.0000000000,8.0054338252,0.4379568805,10.8567841606,.6824204879
ZIF-8_v2_EQeq,0.15000000000000002,0.0,0.03,0.03,0.01,0.78,1.9448525547,0.2474263924,0.0000000000,0.0000000000,0.0025371859,0.0016244279,0.7690948645,0.1121939200,14.2611462809,1.4758220635,7.8945321554,0.4885289784,24.8721630414,2.3255957822
ZIF-8_v2_EQeq,0.15000000000000002,0.0,0.03,0.03,0.02,0.77,1.9975744613,0.1562694906,0.0000000000,0.0000000000,0.0029062311,0.0014761809,0.8370101628,0.0448415169,28.1721200429,2.1209200866,7.4887474332,0.3230689061,38.4983583313,2.6465761811
ZIF-8_v2_EQeq,0.15000000000000002,0.0,0.03,0.03,0.03,0.76,1.8826114150,0.1225636470,0.0000000000,0.0000000000,0.0028139698,0.0015819518,0.7676264256,0.0476620969,43.5235584872,2.9439560760,7.3002786996,0.5592749864,53.4768889972,3.6750387581
ZIF-8_v2_EQeq,0.1,0.0,0.02,0.0,0.0,0.88,1.3217089086,0.1147553105,0.0000000000,0.0000000000,0.0020758794,0.0021439590,0.0000000000,0.0000000000,0.0000000000,0.0000000000,9.2279163928,0.5888177031,10.5517011808,.7057169726
ZIF-8_v2_EQeq,0.15000000000000002,0.04,0.0,0.0,0.0,0.8099999999999999,2.0715315803,0.1890506762,7.6118031160,0.9659276958,0.0000000000,0.0000000000,0.0000000000,0.0000000000,0.0000000000,0.0000000000,8.2362118662,0.4494780829,17.9195465625,1.6044564549
ZIF-8_v2_EQeq,0.15000000000000002,0.04,0.0,0.0,0.01,0.7999999999999999,1.9280108346,0.1178533757,7.8826463751,0.1602635565,0.0000000000,0.0000000000,0.0000000000,0.0000000000,14.1355833064,1.7813918312,7.8182471918,0.7459950610,31.7644877079,2.8055038244
ZIF-8_v2_EQeq,0.15000000000000002,0.04,0.0,0.0,0.02,0.79,1.9338688242,0.1821754718,8.4726618018,0.4565383934,0.0000000000,0.0000000000,0.0000000000,0.0000000000,29.0650989607,1.8442782539,7.4996452851,0.5569305263,46.9712748718,3.0399226454
ZIF-8_v2_EQeq,0.15000000000000002,0.04,0.0,0.0,0.03,0.78,1.7969383167,0.1052402142,8.5401209035,0.8397316896,0.0000000000,0.0000000000,0.0000000000,0.0000000000,46.0535354387,4.4702281280,7.2438662896,0.5097376403,63.6344609485,5.9249376721
ZIF-8_v2_EQeq,0.15000000000000002,0.04,0.0,0.01,0.0,0.7999999999999999,1.9946454665,0.1349723269,7.7054403766,0.7703992455,0.0000000000,0.0000000000,0.2635847793,0.0385447725,0.0000000000,0.0000000000,8.1830047068,0.4879903204,18.1466753292,1.4319066653
ZIF-8_v2_EQeq,0.15000000000000002,0.04,0.0,0.01,0.01,0.7899999999999999,1.9734102541,0.2728842466,8.0074960558,0.4849057369,0.0000000000,0.0000000000,0.2514701586,0.0271760394,14.3906087266,2.3550771348,7.9746634197,0.1284661870,32.5976486148,3.2685093447
ZIF-8_v2_EQeq,0.15000000000000002,0.04,0.0,0.01,0.02,0.78,1.8284250110,0.1278901236,8.2128939177,0.5786239014,0.0000000000,0.0000000000,0.2628505599,0.0273145421,30.0703826508,2.4747341109,7.3772047133,0.5930125892,47.7517568527,3.8015752672
ZIF-8_v2_EQeq,0.15000000000000002,0.04,0.0,0.01,0.03,0.77,1.8994531351,0.1086495218,8.7656558106,0.6482564957,0.0000000000,0.0000000000,0.2529385974,0.0219530385,44.7682697125,5.0437410360,7.2079674832,0.4788159464,62.8942847388,6.3014160384
ZIF-8_v2_EQeq,0.15000000000000002,0.04,0.0,0.02,0.0,0.79,2.0283289068,0.1949487548,7.5916660708,0.6370439491,0.0000000000,0.0000000000,0.5631463113,0.0614906042,0.0000000000,0.0000000000,8.2842906248,0.2278606296,18.4674319137,1.1213439377
ZIF-8_v2_EQeq,0.15000000000000002,0.04,0.0,0.02,0.01,0.78,1.9411913112,0.0929004019,7.9853453060,0.9823369994,0.0000000000,0.0000000000,0.5469934836,0.0594218994,14.1979748465,2.3327261540,7.6175985061,0.5394824259,32.2891034534,4.0068678806
ZIF-8_v2_EQeq,0.1,0.0,0.02,0.0,0.01,0.87,1.3239056547,0.0957651416,0.0000000000,0.0000000000,0.0017990954,0.0012170102,0.0000000000,0.0000000000,13.4960700203,0.9384950727,8.5163507661,0.6376048273,23.3381255365,1.6730820518
ZIF-8_v2_EQeq,0.15000000000000002,0.04,0.0,0.02,0.02,0.77,1.8628407000,0.1900689708,8.4394356771,0.5934315838,0.0000000000,0.0000000000,0.5077127435,0.0724462921,30.5804334912,3.1034162915,7.3855383648,0.4723525904,48.7759609766,4.4317157286
ZIF-8_v2_EQeq,0.15000000000000002,0.04,0.0,0.02,0.03,0.76,1.8401409902,0.1080755427,8.7505530266,0.7767367648,0.0000000000,0.0000000000,0.5257011198,0.0503676677,47.7973789848,5.8544300528,7.0630901574,0.4265098681,65.9768642788,7.2161198961
ZIF-8_v2_EQeq,0.15000000000000002,0.04,0.0,0.03,0.0,0.78,1.9734102541,0.2636502104,7.5151452987,0.6241314680,0.0000000000,0.0000000000,0.7900201186,0.0787910173,0.0000000000,0.0000000000,7.9458161645,0.8877745625,18.2243918359,1.8543472582
ZIF-8_v2_EQeq,0.15000000000000002,0.04,0.0,0.03,0.01,0.77,1.9016498813,0.1925466030,7.9782973401,0.9162776037,0.0000000000,0.0000000000,0.7867161311,0.0884300186,13.4102816526,2.1604056167,7.6342658091,0.3600259805,31.7112108142,3.7176858225
ZIF-8_v2_EQeq,0.15000000000000002,0.04,0.0,0.03,0.02,0.76,1.9997712074,0.1268630123,8.4656138359,0.4785080612,0.0000000000,0.0000000000,0.7738672909,0.0837010163,30.1702091150,3.2374649427,7.3842562646,0.2561442458,48.7937177138,4.1826812783
ZIF-8_v2_EQeq,0.15000000000000002,0.04,0.0,0.03,0.03,0.75,1.8877371559,0.1731950074,8.4938056993,0.3701274378,0.0000000000,0.0000000000,0.8259968712,0.0830998892,44.5202633405,2.8890340163,6.9182128316,0.2005001447,62.6460158985,3.7159564954
ZIF-8_v2_EQeq,0.15000000000000002,0.04,0.01,0.0,0.0,0.7999999999999999,2.0202741711,0.1002298430,7.3872750612,0.5714664971,0.0010610050,0.0006257466,0.0000000000,0.0000000000,0.0000000000,0.0000000000,8.2355708161,0.4967141555,17.6441810534,1.1690362422
ZIF-8_v2_EQeq,0.15000000000000002,0.04,0.01,0.0,0.01,0.7899999999999999,1.9800004925,0.0522725059,8.0276331011,0.5113620167,0.0006458291,0.0008455888,0.0000000000,0.0000000000,14.8835018935,2.4182477231,7.9951770233,0.7558587073,32.8869583395,3.7385865418
ZIF-8_v2_EQeq,0.15000000000000002,0.04,0.01,0.0,0.02,0.78,1.8870049072,0.1789205915,8.1091881345,0.3899210076,0.0010148743,0.0005535678,0.0000000000,0.0000000000,30.3410059560,2.7353612107,7.2361736882,0.3504287417,47.5743875602,3.6551851193
ZIF-8_v2_EQeq,0.15000000000000002,0.04,0.01,0.0,0.03,0.77,1.8145122856,0.1450222207,8.7515598789,0.6107071517,0.0009687437,0.0007936618,0.0000000000,0.0000000000,47.4183503787,5.0347846719,7.2701493443,0.6687894915,65.2555406312,6.4600971976
ZIF-8_v2_EQeq,0.1,0.0,0.02,0.0,0.02,0.86,1.3195121625,0.1358592703,0.0000000000,0.0000000000,0.0018452261,0.0010519407,0.0000000000,0.0000000000,29.0370227677,3.0722274771,8.3900638936,0.3124381190,38.7484440499,3.5215768071
ZIF-8_v2_EQeq,0.15000000000000002,0.04,0.01,0.01,0.0,0.7899999999999999,2.0707993316,0.2912693528,7.6722142519,0.5793382781,0.0008764824,0.0005379712,0.2599136821,0.0289621418,0.0000000000,0.0000000000,8.1342848981,0.5681223227,18.1380886461,1.4682300666
ZIF-8_v2_EQeq,0.15000000000000002,0.04,0.01,0.01,0.01,0.7799999999999999,2.0019679535,0.0868139437,7.7155088992,0.3155546316,0.0008303517,0.0004704422,0.3017641903,0.0430380373,14.0419959963,1.3148563751,7.6829856178,0.3711453184,31.7450530088,2.1318787483
ZIF-8_v2_EQeq,0.15000000000000002,0.04,0.01,0.01,0.02,0.77,1.9031143787,0.1458921701,8.0860305324,0.5397103813,0.0007842211,0.0008555961,0.2547741460,0.0316140943,29.1493275399,3.4523141114,7.3098944513,0.4871575977,46.7039252694,4.6575439509
ZIF-8_v2_EQeq,0.15000000000000002,0.04,0.01,0.01,0.03,0.76,1.8760211767,0.1883801406,8.6095937097,0.7469025273,0.0010610050,0.0009936847,0.2639518891,0.0600266491,49.3501484394,3.0791449778,6.7964133099,0.4456953647,66.8971895298,4.5211433442
ZIF-8_v2_EQeq,0.15000000000000002,0.04,0.01,0.02,0.0,0.78,2.0781218186,0.1432365312,7.6470429453,0.8714246725,0.0008764824,0.0007936618,0.5473605933,0.0360740176,0.0000000000,0.0000000000,8.2458276180,0.6648230567,18.5192294576,1.7163519398
ZIF-8_v2_EQeq,0.15000000000000002,0.04,0.01,0.02,0.01,0.77,1.9616942749,0.1056470198,7.9390301018,0.3511013816,0.0011071357,0.0007380904,0.5301064364,0.0922432117,13.6044753212,2.4987811814,7.6567025631,0.4635532621,31.6931158331,3.5120641470
ZIF-8_v2_EQeq,0.15000000000000002,0.04,0.01,0.02,0.02,0.76,1.9089723683,0.1290587040,8.1142223958,0.2252650531,0.0007380904,0.0006779794,0.5304735462,0.0641339736,30.2793943102,2.0044829851,7.2098906335,0.1095126757,48.0436913444,2.5331313709
ZIF-8_v2_EQeq,0.15000000000000002,0.04,0.01,0.02,0.03,0.75,1.8716276844,0.0930157632,8.6750391068,0.5753841359,0.0009687437,0.0008945065,0.5242326809,0.0592674740,46.5269312493,6.6465818518,6.8342352667,0.6151997330,64.4330347318,7.9903434644
ZIF-8_v2_EQeq,0.15000000000000002,0.04,0.01,0.03,0.0,0.77,1.9997712074,0.1787286938,7.8061256030,0.6787887030,0.0011993970,0.0010680018,0.8704171474,0.0500886203,0.0000000000,0.0000000000,7.9810739208,0.5238599404,18.6585872756,1.4325339593
ZIF-8_v2_EQeq,0.15000000000000002,0.04,0.01,0.03,0.01,0.76,2.0202741711,0.0939335531,7.9803110447,0.4484461661,0.0011532663,0.0005835117,0.7936912158,0.0629290741,14.0318573710,2.4491540595,7.3739994627,0.1436638931,32.2012865316,3.1987102576
ZIF-8_v2_EQeq,0.1,0.0,0.02,0.0,0.03,0.85,1.2477517896,0.0977380597,0.0000000000,0.0000000000,0.0016145728,0.0014587793,0.0000000000,0.0000000000,44.4563120119,6.3210082187,7.8676080506,0.7481865027,53.5732864249,7.1683915604
ZIF-8_v2_EQeq,0.15000000000000002,0.04,0.01,0.03,0.02,0.75,1.9148303579,0.1690844548,8.4072164046,0.5901563005,0.0006458291,0.0005379712,0.8054387268,0.0752494338,30.0438662462,1.8602634334,6.9175717815,0.5251511332,48.0895693461,3.2204427269
ZIF-8_v2_EQeq,0.15000000000000002,0.04,0.01,0.03,0.03,0.74,1.8320862545,0.1302991250,8.9428618091,0.4167249498,0.0008764824,0.0006779794,0.8054387268,0.0711624936,48.5359388409,6.5373365520,6.7239746470,0.2451930793,66.8411767607,7.4013941791
ZIF-8_v2_EQeq,0.15000000000000002,0.04,0.02,0.0,0.0,0.79,1.9690167619,0.1616529193,8.0316605101,0.5825351714,0.0024449246,0.0018590138,0.0000000000,0.0000000000,0.0000000000,0.0000000000,8.0374863309,0.5311300399,18.0406085275,1.2771771444
ZIF-8_v2_EQeq,0.15000000000000002,0.04,0.02,0.0,0.01,0.78,1.9031143787,0.2027892683,7.8725778524,0.7277640717,0.0016145728,0.0004126051,0.0000000000,0.0000000000,14.2213716741,2.5775900262,7.6188806063,0.2530321516,31.6175590843,3.7615881229
ZIF-8_v2_EQeq,0.15000000000000002,0.04,0.02,0.0,0.02,0.77,1.9250818397,0.1565985371,8.0125303171,0.4573636799,0.0018913567,0.0007380904,0.0000000000,0.0000000000,28.2540089393,5.9618875132,7.2457894399,0.4060757741,45.4393018927,6.9826635947
ZIF-8_v2_EQeq,0.15000000000000002,0.04,0.02,0.0,0.03,0.76,1.8855404098,0.1456420397,8.6337581640,0.9718289100,0.0018452261,0.0006523859,0.0000000000,0.0000000000,47.2038794595,2.9364666343,6.9002634284,0.2321769884,64.6252866878,4.2867669583
ZIF-8_v2_EQeq,0.15000000000000002,0.04,0.02,0.01,0.0,0.78,2.0158806789,0.0849660957,7.6450292407,1.0376070564,0.0016145728,0.0010916505,0.2683572057,0.0407078168,0.0000000000,0.0000000000,8.1150533947,0.4698753032,18.0459350928,1.6342479226
ZIF-8_v2_EQeq,0.15000000000000002,0.04,0.02,0.01,0.01,0.77,1.9353333216,0.2371219844,7.9642014084,0.3001027851,0.0023065326,0.0007719135,0.2738638515,0.0426479754,14.4553399495,1.0077368495,7.5438777430,0.6733480057,32.1749228066,2.2617295136
ZIF-8_v2_EQeq,0.15000000000000002,0.04,0.02,0.01,0.02,0.76,1.9302075807,0.1336148235,8.1645650090,0.4433535353,0.0018913567,0.0013808408,0.2573439141,0.0563677819,32.1433415710,4.8726754288,7.0816806107,0.3733003853,49.5790300422,5.8806927956
ZIF-8_v2_EQeq,0.15000000000000002,0.04,0.02,0.01,0.03,0.75,1.8306217571,0.1145682601,8.4636001314,0.2151367882,0.0018452261,0.0017746816,0.2621163405,0.0130104016,46.8825630280,3.1527929035,6.7996185605,0.3487124072,64.2403650436,3.8459954422
ZIF-8_v2_EQeq,0.1,0.0,0.02,0.01,0.0,0.87,1.3729663178,0.0971437680,0.0000000000,0.0000000000,0.0023065326,0.0021240147,0.2654203279,0.0389620864,0.0000000000,0.0000000000,8.9888047002,0.8708245226,10.6294978785,1.0090543917
ZIF-8_v2_EQeq,0.15000000000000002,0.04,0.02,0.02,0.0,0.77,2.0539576114,0.1102757794,7.7517555807,0.4737729393,0.0026294472,0.0013869915,0.5686529571,0.0543719117,0.0000000000,0.0000000000,8.1624911031,0.6443060726,18.5394866995,1.2841136945
ZIF-8_v2_EQeq,0.15000000000000002,0.04,0.02,0.02,0.01,0.76,1.8650374461,0.2133144914,8.1232840662,0.6450647162,0.0021220100,0.0013496665,0.5245997906,0.0799726429,14.2829833199,1.4161677074,7.4368223739,0.6252575543,32.2348490067,2.9811267787
ZIF-8_v2_EQeq,0.15000000000000002,0.04,0.02,0.02,0.02,0.75,1.9631587723,0.2286398940,8.4847440289,0.7723442897,0.0017529648,0.0017407828,0.5550698974,0.0386843773,31.1396176694,3.8872126400,7.1220667679,0.4132064036,49.2664101007,5.3418283874
ZIF-8_v2_EQeq,0.15000000000000002,0.04,0.02,0.02,0.03,0.74,1.9353333216,0.0945253381,8.9287658774,0.1988985616,0.0023526633,0.0016861369,0.5143207185,0.0468636804,48.0976382716,3.8697393984,6.6278171299,0.3015089786,66.1062279823,4.5132220940
ZIF-8_v2_EQeq,0.15000000000000002,0.04,0.02,0.03,0.0,0.76,2.0144161815,0.1981893036,7.8645230343,0.5018287437,0.0024910552,0.0016348745,0.8311364073,0.0878735225,0.0000000000,0.0000000000,7.8214524424,0.5570485738,18.5340191207,1.3465750181
ZIF-8_v2_EQeq,0.15000000000000002,0.04,0.02,0.03,0.01,0.75,1.9800004925,0.0950683316,7.9621877039,0.4012581031,0.0024449246,0.0020339381,0.8017676296,0.0974162841,14.6354955216,0.7670195533,7.3810510140,0.2154309927,32.7629472862,1.5782272029
ZIF-8_v2_EQeq,0.15000000000000002,0.04,0.02,0.03,0.02,0.74,1.8979886377,0.2013670619,8.3055243259,0.7043764584,0.0020297487,0.0010273784,0.8102111532,0.0608383994,29.8559117317,5.4806728785,6.8682109227,0.3281124693,47.7398765199,6.7763946459
ZIF-8_v2_EQeq,0.15000000000000002,0.04,0.02,0.03,0.03,0.73,1.8335507519,0.1106059181,8.5954977780,0.5652953184,0.0010610050,0.0005535678,0.7492709396,0.0582953591,47.2600318456,7.9582185631,6.6893579409,0.4085053814,65.1287702610,9.1014741079
ZIF-8_v2_EQeq,0.15000000000000002,0.04,0.03,0.0,0.0,0.78,1.9946454665,0.1311849659,7.7638378079,0.7291000939,0.0029062311,0.0011523433,0.0000000000,0.0000000000,0.0000000000,0.0000000000,8.1785173560,0.3268626463,17.9399068615,1.1883000494
ZIF-8_v2_EQeq,0.15000000000000002,0.04,0.03,0.0,0.01,0.77,1.9675522645,0.1063753495,8.2914283943,0.8605377286,0.0037365828,0.0016348745,0.0000000000,0.0000000000,14.2127928373,1.3020955228,7.5804175995,0.5462108115,32.0559276784,2.8168542869
ZIF-8_v2_EQeq,0.1,0.0,0.02,0.01,0.01,0.86,1.2052813649,0.1492350881,0.0000000000,0.0000000000,0.0017068341,0.0017161595,0.2518372683,0.0540237846,13.5802985994,1.9710172848,8.7003321489,0.8730490664,23.7394562156,3.0490413834
ZIF-8_v2_EQeq,0.15000000000000002,0.04,0.03,0.0,0.02,0.76,1.9133658605,0.1890620207,8.3176065531,0.7957929979,0.0026755778,0.0012916583,0.0000000000,0.0000000000,30.1663096437,3.5340381141,7.5188767885,0.5174255365,47.9188344236,5.0376103275
ZIF-8_v2_EQeq,0.15000000000000002,0.04,0.03,0.0,0.03,0.75,1.8145122856,0.1860315263,8.6981967089,0.7895776283,0.0023065326,0.0014587793,0.0000000000,0.0000000000,47.9650562489,4.3309420242,6.9688557906,0.3236484206,65.4489275666,5.6316583787
ZIF-8_v2_EQeq,0.15000000000000002,0.04,0.03,0.01,0.0,0.77,2.0166129276,0.1167379902,7.8182078302,0.6627505126,0.0028601004,0.0014470620,0.2665216571,0.0365933084,0.0000000000,0.0000000000,8.0458199823,0.4020033393,18.1500224976,1.2195322125
ZIF-8_v2_EQeq,0.15000000000000002,0.04,0.03,0.01,0.01,0.76,1.9558362853,0.0866903299,8.0205851352,0.5911997808,0.0026755778,0.0013241988,0.2756994001,0.0568439500,14.4646986805,2.7988604283,7.4669517293,0.6449435679,32.1864468082,4.1798622557
ZIF-8_v2_EQeq,0.15000000000000002,0.04,0.03,0.01,0.02,0.75,1.9814649899,0.0990459420,7.9621877039,0.8656259730,0.0027217085,0.0014704032,0.2676229863,0.0394980034,29.2335561190,4.0407175411,7.0534744057,0.3667479021,46.5010279133,5.4131057648
ZIF-8_v2_EQeq,0.15000000000000002,0.04,0.03,0.01,0.03,0.74,1.8394087415,0.1424858891,8.6448335389,0.6065029329,0.0021681407,0.0013241988,0.2599136821,0.0383344119,48.5421779949,5.7210622602,6.8169269136,0.4632517502,66.1054290117,6.9729614431
ZIF-8_v2_EQeq,0.15000000000000002,0.04,0.03,0.02,0.0,0.76,1.9367978190,0.1132502576,7.8081393075,0.5310608837,0.0030907537,0.0010759425,0.5499303614,0.0947000778,0.0000000000,0.0000000000,8.0887703400,0.7989511241,18.3867285816,1.5390382857
ZIF-8_v2_EQeq,0.15000000000000002,0.04,0.03,0.02,0.01,0.75,1.9492460469,0.1851069106,7.8534476594,0.3672458265,0.0026294472,0.0012916583,0.5359801920,0.0578124966,14.1238848926,2.9403399264,7.3028429001,0.5769678952,31.7680311382,4.1287647136
ZIF-8_v2_EQeq,0.15000000000000002,0.04,0.03,0.02,0.02,0.74,1.8342830006,0.1293409088,8.1484553728,0.6160290453,0.0023987939,0.0016911776,0.5102825115,0.0618664298,28.4840777435,4.9776358202,6.9733431414,0.1679306606,45.9528405637,5.9544940423
ZIF-8_v2_EQeq,0.15000000000000002,0.04,0.03,0.02,0.03,0.73,1.8635729487,0.0721924438,8.6669842887,0.4412081306,0.0026294472,0.0013869915,0.5183589254,0.0742106648,46.7632392075,4.0264797456,6.7073073441,0.3988671300,64.5220921616,5.0143451063
ZIF-8_v2_EQeq,0.1,0.0,0.02,0.01,0.02,0.85,1.2536097792,0.1345904190,0.0000000000,0.0000000000,0.0017990954,0.0009408844,0.2621163405,0.0418826984,28.7219454901,4.0956452353,8.1996720097,0.8401171472,38.4391427149,5.1131763843
ZIF-8_v2_EQeq,0.15000000000000002,0.04,0.03,0.03,0.0,0.75,1.9800004925,0.1545998821,7.3943230270,0.5048899806,0.0037827135,0.0006257466,0.7892858991,0.0570143971,0.0000000000,0.0000000000,7.6778572168,0.6498692761,17.8452493489,1.3669992825
ZIF-8_v2_EQeq,0.15000000000000002,0.04,0.03,0.03,0.01,0.74,1.9272785859,0.1516020099,7.9410438064,0.6132581672,0.0024910552,0.0009850812,0.8028689588,0.0774453608,13.9234520700,1.2048959824,7.3425880072,0.5821977468,31.9397224835,2.6303843483
ZIF-8_v2_EQeq,0.15000000000000002,0.04,0.03,0.03,0.02,0.73,1.8855404098,0.2655953966,8.3890930639,0.3944291538,0.0031830150,0.0009408844,0.8102111532,0.0526696910,30.6443848198,3.8457963889,6.8656467222,0.2555531627,48.5980591839,4.8149846774
ZIF-8_v2_EQeq,0.15000000000000002,0.04,0.03,0.03,0.03,0.72,1.8767534254,0.2362157594,8.7505530266,0.5428194457,0.0033214070,0.0013869915,0.7896530089,0.0818053581,46.6743312628,7.1081028744,6.6393560320,0.2646100816,64.7339681627,8.2349405107
ZIF-8_v2_EQeq,0.15000000000000002,0.08,0.0,0.0,0.0,0.77,1.9829294873,0.1181260376,15.5729839677,0.9610582864,0.0000000000,0.0000000000,0.0000000000,0.0000000000,0.0000000000,0.0000000000,7.7336285768,0.1340637960,25.2895420318,1.2132481200
ZIF-8_v2_EQeq,0.15000000000000002,0.08,0.0,0.0,0.01,0.76,1.8350152493,0.2417707359,15.0423728245,0.4572484068,0.0000000000,0.0000000000,0.0000000000,0.0000000000,13.7705927968,1.3148896809,7.3669479115,0.6932902896,38.0149287821,2.7071991132
ZIF-8_v2_EQeq,0.15000000000000002,0.08,0.0,0.0,0.02,0.75,1.8921306481,0.0840524552,15.7693201592,0.9310983015,0.0000000000,0.0000000000,0.0000000000,0.0000000000,28.8272312141,4.9760470504,6.9002634284,0.2555981844,53.3889454498,6.2467959915
ZIF-8_v2_EQeq,0.15000000000000002,0.08,0.0,0.0,0.03,0.74,1.7976705654,0.1380827689,17.1517283177,0.8312234716,0.0000000000,0.0000000000,0.0000000000,0.0000000000,45.2401057345,5.4069176957,6.5701226196,0.3616659079,70.7596272372,6.7378898441
ZIF-8_v2_EQeq,0.15000000000000002,0.08,0.0,0.01,0.0,0.76,2.0363836426,0.0825072416,15.1058045172,0.7801799277,0.0000000000,0.0000000000,0.2727625224,0.0438446441,0.0000000000,0.0000000000,7.7361927772,0.4894634868,25.1511434594,1.3959953002
ZIF-8_v2_EQeq,0.15000000000000002,0.08,0.0,0.01,0.01,0.75,1.9023821300,0.1899673870,15.7824092386,1.7659855769,0.0000000000,0.0000000000,0.2613821210,0.0489565279,15.2851474330,4.1415701002,7.1489908727,0.6012571656,40.3803117953,6.7477367576
ZIF-8_v2_EQeq,0.1,0.0,0.02,0.01,0.03,0.84,1.3026704423,0.0991541535,0.0000000000,0.0000000000,0.0026294472,0.0016911776,0.2621163405,0.0326211640,44.8719956479,6.5976332278,7.7285001759,0.6322639286,54.1679120538,7.3633636515
ZIF-8_v2_EQeq,0.15000000000000002,0.08,0.0,0.01,0.02,0.74,1.8408732389,0.1748465164,16.4298152444,0.8911091911,0.0000000000,0.0000000000,0.2712940835,0.0357738958,29.0432619217,3.3477036822,7.0739880093,0.2119153057,54.6592324978,4.6613485912
ZIF-8_v2_EQeq,0.15000000000000002,0.08,0.0,0.01,0.03,0.73,1.8562504617,0.0834891976,17.3128246799,1.1956047378,0.0000000000,0.0000000000,0.2533057072,0.0346719535,46.1432232777,5.0855956315,6.6656390866,0.2242246318,72.2312432131,6.6235861522
ZIF-8_v2_EQeq,0.15000000000000002,0.08,0.0,0.02,0.0,0.75,1.9485137982,0.0318843654,15.6424567739,1.0038352418,0.0000000000,0.0000000000,0.5356130822,0.0673883866,0.0000000000,0.0000000000,7.6342658091,0.3498137110,25.7608494634,1.4529217048
ZIF-8_v2_EQeq,0.15000000000000002,0.08,0.0,0.02,0.01,0.74,1.9455848034,0.1421845227,15.8136216588,1.1661140199,0.0000000000,0.0000000000,0.5631463113,0.0229142348,14.5075928643,1.6147435033,7.1419393214,0.4783350832,39.9718849592,3.4242913639
ZIF-8_v2_EQeq,0.15000000000000002,0.08,0.0,0.02,0.02,0.73,1.8577149591,0.2521573657,16.9825771373,0.9380837735,0.0000000000,0.0000000000,0.5106496213,0.0873196535,30.6038303187,4.2764110108,6.9425727359,0.5426783606,56.8973447723,6.0966501641
ZIF-8_v2_EQeq,0.15000000000000002,0.08,0.0,0.02,0.03,0.72,1.8115832908,0.1815268017,17.3430302478,0.9364050841,0.0000000000,0.0000000000,0.5000034394,0.0462383401,48.0305673660,4.9662705748,6.5752510206,0.1030955281,74.2604353646,6.2335363288
ZIF-8_v2_EQeq,0.15000000000000002,0.08,0.0,0.03,0.0,0.74,1.9770714976,0.0968120297,15.0474070859,0.5155240910,0.0000000000,0.0000000000,0.8248955420,0.1403415857,0.0000000000,0.0000000000,7.6829856178,0.4838463489,25.5323597433,1.2365240553
ZIF-8_v2_EQeq,0.15000000000000002,0.08,0.0,0.03,0.01,0.73,1.9089723683,0.1755320956,15.6072169447,0.7897573561,0.0000000000,0.0000000000,0.7621197798,0.0494386539,14.3516140141,2.2571740329,6.9579579387,0.3251432468,39.5878810456,3.5970453853
ZIF-8_v2_EQeq,0.15000000000000002,0.08,0.0,0.03,0.02,0.72,1.9067756222,0.0532883900,16.7187818441,1.1051917866,0.0000000000,0.0000000000,0.8105782629,0.0399188567,31.1263594672,2.4951663224,6.8701340730,0.2635830942,57.4326292694,3.9571484499
ZIF-8_v2_EQeq,0.15000000000000002,0.08,0.0,0.03,0.03,0.71,1.8313540058,0.2229886667,17.2232148284,0.9964562063,0.0000000000,0.0000000000,0.7701961937,0.0450573907,48.2692150069,3.7031645739,6.4720419522,0.2145134149,74.5660219870,5.1821802525
ZIF-8_v2_EQeq,0.1,0.0,0.0,0.01,0.0,0.89,1.3861467945,0.1898544523,0.0000000000,0.0000000000,0.0000000000,0.0000000000,0.2764336196,0.0575133355,0.0000000000,0.0000000000,9.1875302356,0.5608891776,10.8501106497,.8082569654
ZIF-8_v2_EQeq,0.1,0.0,0.02,0.02,0.0,0.86,1.3312281417,0.1246630567,0.0000000000,0.0000000000,0.0016145728,0.0008252102,0.5488290322,0.0612974304,0.0000000000,0.0000000000,8.8984166341,0.7430033543,10.7800883808,.9297890516
ZIF-8_v2_EQeq,0.15000000000000002,0.08,0.01,0.0,0.0,0.76,1.9433880573,0.2624434923,15.3544970264,0.7983519471,0.0011071357,0.0005379712,0.0000000000,0.0000000000,0.0000000000,0.0000000000,7.3893846655,0.6375481075,24.6883768849,1.6988815181
ZIF-8_v2_EQeq,0.15000000000000002,0.08,0.01,0.0,0.01,0.75,1.9082401196,0.0528843782,15.8810807605,0.4520127527,0.0005074372,0.0003452102,0.0000000000,0.0000000000,14.5161717011,1.7870207639,7.4124624696,0.4797967833,39.7184624880,2.7720598883
ZIF-8_v2_EQeq,0.15000000000000002,0.08,0.01,0.0,0.02,0.74,1.8906661507,0.0854694538,16.8265150364,0.5302814733,0.0008303517,0.0007495344,0.0000000000,0.0000000000,31.4734124090,5.5658783584,7.1329646198,0.3786995071,57.3243885676,6.5610783270
ZIF-8_v2_EQeq,0.15000000000000002,0.08,0.01,0.0,0.03,0.73,1.8291572597,0.1575679431,16.7530148211,0.6313662191,0.0005074372,0.0005379712,0.0000000000,0.0000000000,47.7022318862,5.2293011632,6.5361469636,0.3639764904,72.8210583678,6.3827497870
ZIF-8_v2_EQeq,0.15000000000000002,0.08,0.01,0.01,0.0,0.75,1.9756070002,0.2544435174,14.9296053710,1.1863027172,0.0010610050,0.0004704422,0.2628505599,0.0305738708,0.0000000000,0.0000000000,7.6560615130,0.7467790859,24.8251854491,2.2185696335
ZIF-8_v2_EQeq,0.15000000000000002,0.08,0.01,0.01,0.01,0.74,1.9404590625,0.1210316513,15.9555878280,1.5770482284,0.0007842211,0.0006257466,0.2676229863,0.0339968180,14.7345420915,1.6944975454,7.0816806107,0.1980668504,39.9806768001,3.6252668401
ZIF-8_v2_EQeq,0.15000000000000002,0.08,0.01,0.01,0.02,0.73,1.8665019435,0.1090436092,16.6402473676,0.8331627959,0.0007842211,0.0007495344,0.2573439141,0.0503569637,30.9438642123,2.4397934343,7.0009082963,0.3774996021,56.7096499549,3.8106059396
ZIF-8_v2_EQeq,0.15000000000000002,0.08,0.01,0.01,0.03,0.72,1.7866868349,0.1740843329,16.7499942643,0.9615391678,0.0005074372,0.0001845226,0.2628505599,0.0450454248,46.1479026432,5.0149992381,6.4476820478,0.1761010286,71.3956237873,6.3719537148
ZIF-8_v2_EQeq,0.15000000000000002,0.08,0.01,0.02,0.0,0.74,1.9712135080,0.1315278483,15.7240118073,1.2960594064,0.0007842211,0.0008555961,0.5422210572,0.0075592518,0.0000000000,0.0000000000,7.4605412282,0.2593394363,25.6987718218,1.6953415389
ZIF-8_v2_EQeq,0.15000000000000002,0.08,0.01,0.02,0.01,0.73,1.8430699850,0.1712021896,15.9696837597,0.4819615747,0.0006919598,0.0009226130,0.5212958031,0.1008850642,15.0067251852,3.1073461240,6.9842409934,0.1833896376,40.3257076862,4.0457072031
ZIF-8_v2_EQeq,0.1,0.0,0.02,0.02,0.01,0.85,1.3173154164,0.0825072416,0.0000000000,0.0000000000,0.0020297487,0.0020297487,0.5139536087,0.0713365130,14.2915621567,2.3956137538,8.5368643698,0.7311187091,24.6617253003,3.2826059662
ZIF-8_v2_EQeq,0.15000000000000002,0.08,0.01,0.02,0.02,0.72,1.8145122856,0.1385169925,16.3311437225,1.2280626222,0.0007842211,0.0005535678,0.5275366684,0.0750773037,31.3735859449,2.9095453700,6.7547450525,0.4411542754,56.8023078950,4.7929101316
ZIF-8_v2_EQeq,0.15000000000000002,0.08,0.01,0.02,0.03,0.71,1.8394087415,0.0843326733,17.2050914877,1.2583091607,0.0009687437,0.0007380904,0.5102825115,0.0596934403,46.3982486979,4.3572283520,6.5002481572,0.1547043997,72.4542483395,5.9150061164
ZIF-8_v2_EQeq,0.15000000000000002,0.08,0.01,0.03,0.0,0.73,1.9990389587,0.2379526633,15.6233265809,0.4699573946,0.0010610050,0.0003690452,0.8087427143,0.0617617783,0.0000000000,0.0000000000,7.4605412282,0.2924650199,25.8927104871,1.0625059013
ZIF-8_v2_EQeq,0.15000000000000002,0.08,0.01,0.03,0.01,0.72,1.8767534254,0.1277223108,16.1468897582,0.8599862271,0.0007380904,0.0001845226,0.8241613226,0.1125058036,15.4434659660,2.9277757878,6.9919335947,0.3305631338,41.2839421573,4.3587377857
ZIF-8_v2_EQeq,0.15000000000000002,0.08,0.01,0.03,0.02,0.71,1.9433880573,0.0987205959,17.0117758530,1.2526698940,0.0011071357,0.0007380904,0.7845134728,0.0673563807,30.2739350504,2.6691787041,6.5438395650,0.2172999146,56.5585591342,4.3059635797
ZIF-8_v2_EQeq,0.15000000000000002,0.08,0.01,0.03,0.03,0.7,1.8569827104,0.2218798151,17.3410165433,0.9893951489,0.0007842211,0.0006257466,0.7573473534,0.0822391327,46.7671386788,3.9924047429,6.1957493530,0.4274415254,72.9190188600,5.7139861116
ZIF-8_v2_EQeq,0.15000000000000002,0.08,0.02,0.0,0.0,0.75,1.9660877671,0.0883566616,15.3685929581,0.8977012575,0.0021681407,0.0017890131,0.0000000000,0.0000000000,0.0000000000,0.0000000000,7.7906820369,0.2985559717,25.1275309028,1.2864029039
ZIF-8_v2_EQeq,0.15000000000000002,0.08,0.02,0.0,0.01,0.74,1.9023821300,0.0560732324,15.4461205824,0.8384220282,0.0014761809,0.0009936847,0.0000000000,0.0000000000,14.3102796187,2.5572607634,7.1137331164,0.6434125182,38.7739916284,4.0961622269
ZIF-8_v2_EQeq,0.15000000000000002,0.08,0.02,0.0,0.02,0.73,1.8943273942,0.1755320956,16.7650970483,1.0269379783,0.0017529648,0.0009498883,0.0000000000,0.0000000000,31.6816441742,3.2360014503,6.9579579387,0.4974548886,57.3007795202,4.9368763011
ZIF-8_v2_EQeq,0.15000000000000002,0.08,0.02,0.0,0.03,0.72,1.8760211767,0.1350676351,17.1315912724,0.5458216608,0.0018452261,0.0012029402,0.0000000000,0.0000000000,48.6349854108,6.4910995376,6.4079369408,0.3268324711,74.0523800268,7.5000242448
ZIF-8_v2_EQeq,0.1,0.0,0.02,0.02,0.02,0.84,1.2667902559,0.0955858059,0.0000000000,0.0000000000,0.0022604020,0.0016861369,0.5385499600,0.0517924035,27.9904046823,3.7405276345,8.1355669983,0.3872579442,37.9335722985,4.2768499250
ZIF-8_v2_EQeq,0.15000000000000002,0.08,0.02,0.01,0.0,0.74,1.9573007827,0.1548216898,15.5065317183,0.4536157192,0.0022604020,0.0018772398,0.2606479016,0.0187189963,0.0000000000,0.0000000000,7.4637464787,0.4337138711,25.1904872833,1.0627475162
ZIF-8_v2_EQeq,0.15000000000000002,0.08,0.02,0.01,0.01,0.73,1.9097046170,0.1577719851,16.1831364397,1.1436458987,0.0014300502,0.0007380904,0.2522043780,0.0265336788,14.8343685557,1.7689156983,7.1195025674,0.8787990455,40.3003466080,3.9764043968
ZIF-8_v2_EQeq,0.15000000000000002,0.08,0.02,0.01,0.02,0.72,1.8167090317,0.1474276886,16.5093565732,0.6743535383,0.0017990954,0.0014113266,0.2584452433,0.0432753697,29.1446481744,2.7719289328,6.6758958885,0.3015362366,54.4068540065,3.9399330926
ZIF-8_v2_EQeq,0.15000000000000002,0.08,0.02,0.01,0.03,0.71,1.8416054876,0.1416101596,17.3269206116,0.8461250004,0.0013839196,0.0005835117,0.2745980710,0.0457696170,46.3218190612,3.5520600251,6.4149884920,0.3912107787,72.1813156430,4.9773590925
ZIF-8_v2_EQeq,0.15000000000000002,0.08,0.02,0.02,0.0,0.73,2.0407771348,0.2351692834,15.7673064546,2.0793876068,0.0024449246,0.0004704422,0.5525001294,0.0585076618,0.0000000000,0.0000000000,7.5849049503,0.6046377064,25.9479335937,2.9781727006
ZIF-8_v2_EQeq,0.15000000000000002,0.08,0.02,0.02,0.01,0.72,1.9016498813,0.1886077079,15.5951347175,0.8668150138,0.0016607035,0.0009408844,0.5345117531,0.0555974309,14.7017865329,2.0238182192,6.8944939774,0.2690272797,39.6292375657,3.4048065359
ZIF-8_v2_EQeq,0.15000000000000002,0.08,0.02,0.02,0.02,0.71,1.9324043268,0.0783745596,16.7570422302,0.7865726821,0.0018452261,0.0010916505,0.5271695587,0.0658099853,30.6763604841,2.5670887156,6.6124319272,0.3247537354,56.5072537531,3.8236913285
ZIF-8_v2_EQeq,0.15000000000000002,0.08,0.02,0.02,0.03,0.7,1.7969383167,0.0884051959,17.2081120445,0.8997767241,0.0023065326,0.0015438269,0.5370815211,0.0688993652,46.1260656041,7.4812851914,6.3592171321,0.3456205505,72.0297211511,8.8855308540
ZIF-8_v2_EQeq,0.15000000000000002,0.08,0.02,0.03,0.0,0.72,2.0005034561,0.0853438926,15.3152297881,1.4217295890,0.0024449246,0.0006904204,0.8025018491,0.1074170821,0.0000000000,0.0000000000,7.3522037589,0.2383948073,25.4728837768,1.8535757914
ZIF-8_v2_EQeq,0.15000000000000002,0.08,0.02,0.03,0.01,0.71,1.9829294873,0.3036352046,15.7803955341,1.3571023991,0.0016607035,0.0006119923,0.8091098240,0.0689306546,14.3344563405,1.4059137901,6.7303851482,0.4073246751,39.6389370376,3.5435187158
ZIF-8_v2_EQeq,0.1,0.0,0.02,0.02,0.03,0.83,1.2828997274,0.1173061508,0.0000000000,0.0000000000,0.0017990954,0.0007380904,0.5143207185,0.0697469825,44.2745966513,6.3420873929,7.7034992214,0.5764691047,53.7771154140,7.1063477213
ZIF-8_v2_EQeq,0.15000000000000002,0.08,0.02,0.03,0.02,0.7,1.8452667311,0.1513471450,17.0137895575,1.0058570021,0.0013839196,0.0011670234,0.7969952033,0.0899651038,30.6498440796,4.1741263452,6.5143512597,0.5458887080,56.8216307508,5.9683513275
ZIF-8_v2_EQeq,0.15000000000000002,0.08,0.02,0.03,0.03,0.69,1.8913983994,0.2126599502,17.2564409531,0.5371497851,0.0019374874,0.0007495344,0.8054387268,0.0310983322,46.0550952272,4.5838057556,6.1758767995,0.4243228812,72.1861875934,5.7897862387
ZIF-8_v2_EQeq,0.15000000000000002,0.08,0.03,0.0,0.0,0.74,1.9463170521,0.2678709478,15.5568743315,0.9171843868,0.0030446230,0.0016086308,0.0000000000,0.0000000000,0.0000000000,0.0000000000,7.6067006542,0.5292201632,25.1129366608,1.7158841286
ZIF-8_v2_EQeq,0.15000000000000002,0.08,0.03,0.0,0.01,0.73,1.9250818397,0.1204454521,15.9324302259,1.0135037105,0.0035520602,0.0007495344,0.0000000000,0.0000000000,14.9669505784,1.3964019094,7.2637388431,0.3262787648,40.0917535473,2.8573793712
ZIF-8_v2_EQeq,0.15000000000000002,0.08,0.03,0.0,0.02,0.72,1.9404590625,0.1253835593,16.6644118219,1.7045315973,0.0029523617,0.0005379712,0.0000000000,0.0000000000,30.6365858773,2.9710863520,6.7085894443,0.1926992804,55.9529985677,4.9942387602
ZIF-8_v2_EQeq,0.15000000000000002,0.08,0.03,0.0,0.03,0.71,1.8826114150,0.1211556319,17.0117758530,0.9394616862,0.0031368844,0.0016658212,0.0000000000,0.0000000000,47.1266699287,3.4133953434,6.3765254852,0.2319361482,72.4007195663,4.7076146309
ZIF-8_v2_EQeq,0.15000000000000002,0.08,0.03,0.01,0.0,0.73,1.9690167619,0.1877414847,15.4511548437,1.2534142037,0.0035059296,0.0018313346,0.2768007293,0.0123732860,0.0000000000,0.0000000000,7.2945092486,0.7472499859,24.9949875131,2.2026102949
ZIF-8_v2_EQeq,0.15000000000000002,0.08,0.03,0.01,0.01,0.72,1.9543717879,0.1106059181,15.9173274420,0.8591323523,0.0029062311,0.0011887038,0.2551412558,0.0248985926,14.4498806897,2.0653955818,6.9880872940,0.5909828451,39.5677147005,3.6522039937
ZIF-8_v2_EQeq,0.15000000000000002,0.08,0.03,0.01,0.02,0.71,1.8379442441,0.1496369529,16.4620345168,0.4168417013,0.0029984924,0.0016504204,0.2650532182,0.0495584526,31.0585086673,3.0687759606,6.6079445764,0.2039144037,56.2344837152,3.8903778915
ZIF-8_v2_EQeq,0.15000000000000002,0.08,0.03,0.01,0.03,0.7,1.8438022337,0.1416555887,17.4004208269,1.3306549770,0.0019374874,0.0017161595,0.2720283029,0.0149391556,45.9927036871,6.5929948149,6.3342161776,0.2256423554,71.8451087156,8.3076030511
ZIF-8_v2_EQeq,0.1,0.0,0.02,0.03,0.0,0.85,1.3868790432,0.1659088772,0.0000000000,0.0000000000,0.0023987939,0.0009498883,0.8245284323,0.0715402566,0.0000000000,0.0000000000,8.9561111444,0.7558239110,11.1699174138,.9942229331
ZIF-8_v2_EQeq,0.15000000000000002,0.08,0.03,0.02,0.0,0.72,1.9536395392,0.3597897873,15.4612233664,1.8895309704,0.0026755778,0.0018590138,0.5635134210,0.0444793991,0.0000000000,0.0000000000,7.3233565037,0.5255578900,25.3044084081,2.8212170606
ZIF-8_v2_EQeq,0.15000000000000002,0.08,0.03,0.02,0.01,0.71,1.9272785859,0.0738954684,15.4763261503,0.9609907750,0.0029523617,0.0012514932,0.5055100852,0.0737735277,14.6674711859,2.0813014961,6.9271875332,0.1727460569,39.5067259022,3.3639588173
ZIF-8_v2_EQeq,0.15000000000000002,0.08,0.03,0.02,0.02,0.7,1.8496602234,0.1853847795,16.5284867662,0.5548258464,0.0023065326,0.0013047719,0.5172575962,0.0437708108,30.2318207608,4.0999461375,6.5803794215,0.3450969909,55.7099113007,5.2303293370
ZIF-8_v2_EQeq,0.15000000000000002,0.08,0.03,0.02,0.03,0.69,1.8167090317,0.1161855119,17.6813326086,0.7900910279,0.0026294472,0.0009498883,0.5014718782,0.0694759389,47.3606382041,4.1712565113,6.1886978017,0.4587769543,73.5514789715,5.6067358326
ZIF-8_v2_EQeq,0.15000000000000002,0.08,0.03,0.03,0.0,0.71,1.9594975288,0.2277940861,15.2417295728,1.3431816767,0.0030907537,0.0009498883,0.8432510281,0.0983305973,0.0000000000,0.0000000000,7.2432252395,0.8700105804,25.2907941229,2.5402668288
ZIF-8_v2_EQeq,0.15000000000000002,0.08,0.03,0.03,0.01,0.7,1.9148303579,0.1246974608,15.8458409312,0.3075501069,0.0022604020,0.0016086308,0.7903872283,0.0767812416,14.5949410205,1.3571988569,6.8598772712,0.4527538683,40.0081372111,2.3205901653
ZIF-8_v2_EQeq,0.15000000000000002,0.08,0.03,0.03,0.02,0.69,1.8152445343,0.1120508011,17.0097621485,0.9416604303,0.0025833165,0.0023413294,0.7624868895,0.0251784819,30.8455975367,1.1037462864,6.4162705922,0.4318299332,56.8519450177,2.6168072623
ZIF-8_v2_EQeq,0.15000000000000002,0.08,0.03,0.03,0.03,0.6799999999999999,1.8137800369,0.0855948308,17.2594615099,1.4261037838,0.0026294472,0.0012239845,0.7687277548,0.0468061295,45.7548359405,3.9434729510,6.0399741753,0.2772599178,71.6394088646,5.7804615974
ZIF-8_v2_EQeq,0.15000000000000002,0.12,0.0,0.0,0.0,0.73,1.9602297775,0.2221309962,23.6217609663,2.2304666195,0.0000000000,0.0000000000,0.0000000000,0.0000000000,0.0000000000,0.0000000000,7.2445073397,0.7502357134,32.8264980835,3.2028333291
ZIF-8_v2_EQeq,0.15000000000000002,0.12,0.0,0.0,0.01,0.72,1.9609620262,0.2473917170,23.5955828074,1.6753126132,0.0000000000,0.0000000000,0.0000000000,0.0000000000,14.1901759040,0.9179855597,6.8726982735,0.2789680402,46.6194190111,3.1196579301
ZIF-8_v2_EQeq,0.1,0.0,0.02,0.03,0.01,0.84,1.3605180899,0.1006782053,0.0000000000,0.0000000000,0.0014300502,0.0012850513,0.8212244448,0.0642011824,14.1277843639,2.1230950494,8.6394323880,0.5966051974,24.9503893368,2.8858646858
ZIF-8_v2_EQeq,0.15000000000000002,0.12,0.0,0.0,0.02,0.71,1.8496602234,0.1708761616,24.6648599118,1.1242279916,0.0000000000,0.0000000000,0.0000000000,0.0000000000,30.9516631549,2.6742190640,6.6579464853,0.3427166865,64.1241297754,4.3120399037
ZIF-8_v2_EQeq,0.15000000000000002,0.12,0.0,0.0,0.03,0.7,1.7368939231,0.0854694538,26.3936252492,1.0899221101,0.0000000000,0.0000000000,0.0000000000,0.0000000000,47.1383683424,4.2937342731,6.1758767995,0.2225616690,81.4447643142,5.6916875060
ZIF-8_v2_EQeq,0.15000000000000002,0.12,0.0,0.01,0.0,0.72,1.8767534254,0.2185293173,22.6994842925,1.9294400070,0.0000000000,0.0000000000,0.2812060459,0.0346252782,0.0000000000,0.0000000000,7.0227040002,0.5517650570,31.8801477640,2.7343596595
ZIF-8_v2_EQeq,0.15000000000000002,0.12,0.0,0.01,0.01,0.71,1.9265463371,0.1430717278,23.8331999418,1.7349721091,0.0000000000,0.0000000000,0.2694585349,0.0378959667,14.5715441929,0.3721133658,6.7771818065,0.4249267786,47.3779308132,2.7129799480
ZIF-8_v2_EQeq,0.15000000000000002,0.12,0.0,0.01,0.02,0.7,1.8789501715,0.0658861091,25.5126295182,2.7571608277,0.0000000000,0.0000000000,0.2672558765,0.0510057971,31.3548684828,4.3007343272,6.4797345535,0.2019297684,65.4934386025,7.3767168295
ZIF-8_v2_EQeq,0.15000000000000002,0.12,0.0,0.01,0.03,0.69,1.7852223375,0.1095538034,25.6978903347,1.4957989169,0.0000000000,0.0000000000,0.2580781335,0.0273342709,47.5197366314,6.1573002321,6.1444653439,0.3488867763,81.4053927810,8.1388739996
ZIF-8_v2_EQeq,0.15000000000000002,0.12,0.0,0.02,0.0,0.71,1.9587652801,0.2242642407,22.6894157698,1.7688190757,0.0000000000,0.0000000000,0.5282708878,0.0543223158,0.0000000000,0.0000000000,7.2054032827,0.4143584498,32.3818552204,2.4617640820
ZIF-8_v2_EQeq,0.15000000000000002,0.12,0.0,0.02,0.01,0.7,1.8628407000,0.0817236793,24.1392830300,1.7840672077,0.0000000000,0.0000000000,0.5227642420,0.0707065139,15.3997918879,2.1758820396,6.6265350297,0.4224632118,48.5512148896,4.5348426523
ZIF-8_v2_EQeq,0.15000000000000002,0.12,0.0,0.02,0.02,0.69,1.8591794565,0.0716556896,25.3414646333,0.5745025260,0.0000000000,0.0000000000,0.5444237155,0.0401209106,31.0475901478,3.4964530255,6.4021674897,0.3076933704,65.1948254428,4.4904255221
ZIF-8_v2_EQeq,0.15000000000000002,0.12,0.0,0.02,0.03,0.6799999999999999,1.7625226277,0.0820118547,25.7522603570,1.5831944268,0.0000000000,0.0000000000,0.5025732074,0.0387400784,47.6905334724,5.0232092106,5.9611250112,0.3180383935,81.6690146757,7.0451939640
ZIF-8_v2_EQeq,0.1,0.0,0.02,0.03,0.02,0.83,1.2946157066,0.2175456550,0.0000000000,0.0000000000,0.0023526633,0.0018772398,0.7966280935,0.0881674966,28.0559157995,2.9811773745,7.9297899117,0.4824514369,38.0793021746,3.7712192028
ZIF-8_v2_EQeq,0.15000000000000002,0.12,0.0,0.03,0.0,0.7,2.0202741711,0.1234355007,22.3944080565,1.1077132180,0.0000000000,0.0000000000,0.8105782629,0.0536834424,0.0000000000,0.0000000000,7.0951426631,0.4707176468,32.3204031536,1.7555498079
ZIF-8_v2_EQeq,0.15000000000000002,0.12,0.0,0.03,0.01,0.69,1.8884694046,0.2766466223,24.8048123765,1.0965615019,0.0000000000,0.0000000000,0.8102111532,0.0434742237,16.0447644338,0.7982795800,6.6675622370,0.3541104198,50.2158196051,2.5690723477
ZIF-8_v2_EQeq,0.15000000000000002,0.12,0.0,0.03,0.02,0.6799999999999999,1.8320862545,0.1331485089,24.9941006022,1.0055102424,0.0000000000,0.0000000000,0.7933241061,0.0713138389,31.2597213842,0.9895576581,6.2470333621,0.3562070395,65.1262657091,2.5557372878
ZIF-8_v2_EQeq,0.15000000000000002,0.12,0.0,0.03,0.03,0.6699999999999999,1.8057253012,0.2062499069,25.9485965485,1.3319190376,0.0000000000,0.0000000000,0.8010334102,0.0730022394,48.5585557742,9.1963952867,5.9111231023,0.3735160883,83.0250341364,11.1810825589
ZIF-8_v2_EQeq,0.15000000000000002,0.12,0.01,0.0,0.0,0.72,1.9829294873,0.1961879993,23.6872063635,1.3057969452,0.0008303517,0.0008555961,0.0000000000,0.0000000000,0.0000000000,0.0000000000,7.4650285790,0.5322492055,33.1359947815,2.0350897461
ZIF-8_v2_EQeq,0.15000000000000002,0.12,0.01,0.0,0.01,0.71,1.8211025239,0.1050566378,23.5744389099,1.3137844163,0.0005996985,0.0010759425,0.0000000000,0.0000000000,14.7298627260,1.1599898663,6.6938452917,0.2458358234,46.8198491500,2.8257426863
ZIF-8_v2_EQeq,0.15000000000000002,0.12,0.01,0.0,0.02,0.7,1.8496602234,0.1682196971,24.4916813224,1.1237662104,0.0010148743,0.0006257466,0.0000000000,0.0000000000,31.7510547625,4.5202999129,6.6008930251,0.2495192357,64.6943042077,6.0624308027
ZIF-8_v2_EQeq,0.15000000000000002,0.12,0.01,0.0,0.03,0.69,1.7478776537,0.0487041726,26.3895978401,1.9522031963,0.0007380904,0.0003452102,0.0000000000,0.0000000000,48.0196488465,4.3394555214,5.9636892117,0.2138687681,82.1215516424,6.5545768686
ZIF-8_v2_EQeq,0.15000000000000002,0.12,0.01,0.01,0.0,0.71,1.9367978190,0.2490937458,22.7830530304,1.8182603394,0.0011532663,0.0005053360,0.2602807919,0.0324554892,0.0000000000,0.0000000000,7.1989927816,0.4821617427,32.1802776892,2.5824766531
ZIF-8_v2_EQeq,0.15000000000000002,0.12,0.01,0.01,0.01,0.7,1.9170271040,0.1533602216,24.1352556210,1.2843173209,0.0013377889,0.0005379712,0.2698256446,0.0533510340,15.7468448298,1.3791159169,6.6874347905,0.5214476744,48.7577257788,3.3921301390
ZIF-8_v2_EQeq,0.1,0.0,0.02,0.03,0.03,0.82,1.2411615513,0.0669517217,0.0000000000,0.0000000000,0.0016607035,0.0014113266,0.7922227769,0.0533308215,45.3617692378,5.9422852979,7.6868319184,0.3568617223,55.0836461879,6.4208408900
ZIF-8_v2_EQeq,0.15000000000000002,0.12,0.01,0.01,0.02,0.69,1.8577149591,0.1652093285,25.0102102384,0.5951169781,0.0008764824,0.0017111923,0.2621163405,0.0210760629,31.5124071216,2.3959255169,6.2476744122,0.3048434267,64.8909995542,3.4838825054
ZIF-8_v2_EQeq,0.15000000000000002,0.12,0.01,0.01,0.03,0.6799999999999999,1.8752889279,0.1801629446,25.9687335938,0.9071643912,0.0010148743,0.0004704422,0.2698256446,0.0380095980,48.0391462028,2.1991336351,6.0213837220,0.3598250323,82.1753929654,3.6847660434
ZIF-8_v2_EQeq,0.15000000000000002,0.12,0.01,0.02,0.0,0.7,2.0056291971,0.2082163060,23.1706911520,0.8903580395,0.0013377889,0.0013496665,0.5396512892,0.0405485940,0.0000000000,0.0000000000,7.0528333556,0.4806012176,32.7701427828,1.6210738236
ZIF-8_v2_EQeq,0.15000000000000002,0.12,0.01,0.02,0.01,0.69,1.9243495910,0.1751651547,24.2218449157,2.5984327002,0.0009226130,0.0007719135,0.5286379976,0.0513953609,14.7813357466,3.5869797977,6.7041020935,0.2373998214,48.1611929574,6.6501447484
ZIF-8_v2_EQeq,0.15000000000000002,0.12,0.01,0.02,0.02,0.6799999999999999,1.8738244305,0.2918137407,25.3968415078,1.9468826132,0.0011071357,0.0012514932,0.5257011198,0.0214814089,28.8046142808,4.1592233508,6.4265273941,0.3190085914,63.0286158687,6.7396611982
ZIF-8_v2_EQeq,0.15000000000000002,0.12,0.01,0.02,0.03,0.6699999999999999,1.7954738193,0.2453022225,26.3885909879,1.5822054635,0.0010610050,0.0006257466,0.5231313518,0.0561089709,50.5738025198,8.3905728316,5.9002252504,0.2048714327,85.1822849342,10.4796866678
ZIF-8_v2_EQeq,0.15000000000000002,0.12,0.01,0.03,0.0,0.69,1.9499782956,0.1195697335,23.1696842998,0.9806472278,0.0009687437,0.0010273784,0.8267310906,0.1133079261,0.0000000000,0.0000000000,6.7970543600,0.6397615905,32.7444167897,1.8543138563
ZIF-8_v2_EQeq,0.15000000000000002,0.12,0.01,0.03,0.01,0.6799999999999999,1.9221528449,0.1506369246,24.2359408474,1.6219686849,0.0010148743,0.0008043154,0.8267310906,0.1110735945,14.6323759446,2.8259975874,6.6303813304,0.5100535688,48.2485969322,5.2205346756
ZIF-8_v2_EQeq,0.15000000000000002,0.12,0.01,0.03,0.02,0.6699999999999999,1.8167090317,0.1655206041,23.9167686797,1.1542479877,0.0008764824,0.0006779794,0.7555118048,0.0340126710,31.2144875176,5.8423385356,6.1149770386,0.1533919201,63.8193305548,7.3501896979
ZIF-8_v2_EQeq,0.15000000000000002,0.12,0.01,0.03,0.03,0.6599999999999999,1.8320862545,0.2352604661,25.3857661329,1.0205052435,0.0008764824,0.0008945065,0.7837792533,0.0787704890,49.9959008795,4.7679762318,5.7406037720,0.1926566243,83.7390127746,6.2960635612
ZIF-8_v2_EQeq,0.1,0.0,0.03,0.0,0.0,0.87,1.3663760795,0.1601868307,0.0000000000,0.0000000000,0.0031368844,0.0015047363,0.0000000000,0.0000000000,0.0000000000,0.0000000000,8.9631626957,0.7992699612,10.3326756596,.9609615282
ZIF-8_v2_EQeq,0.15000000000000002,0.12,0.02,0.0,0.0,0.71,1.9712135080,0.1067778305,22.8756834387,2.0932940438,0.0018452261,0.0012029402,0.0000000000,0.0000000000,0.0000000000,0.0000000000,7.0938605629,0.3316007930,31.9426027357,2.5328756075
ZIF-8_v2_EQeq,0.15000000000000002,0.12,0.02,0.0,0.01,0.7,1.9228850936,0.0658861091,24.3648179372,1.6213060358,0.0021681407,0.0013869915,0.0000000000,0.0000000000,15.2625304997,1.3792005926,6.7278209477,0.2873449484,48.2802226189,3.3551246774
ZIF-8_v2_EQeq,0.15000000000000002,0.12,0.02,0.0,0.02,0.69,1.8416054876,0.1168848766,25.0827036014,0.9320994313,0.0015684422,0.0018772398,0.0000000000,0.0000000000,30.5484578269,3.2949106130,6.5092228588,0.2921501059,63.9835582169,4.6379222666
ZIF-8_v2_EQeq,0.15000000000000002,0.12,0.02,0.0,0.03,0.6799999999999999,1.7632548764,0.1967338465,25.8287811291,1.3546500330,0.0018452261,0.0010519407,0.0000000000,0.0000000000,48.4181748090,6.2159902668,5.9925364668,0.5717448307,82.0045925074,8.3401709177
ZIF-8_v2_EQeq,0.15000000000000002,0.12,0.02,0.01,0.0,0.7,1.9111691144,0.1998381704,22.6088675887,1.5402931109,0.0017529648,0.0007495344,0.2643189988,0.0500670907,0.0000000000,0.0000000000,6.8662877724,0.4488889055,31.6523964391,2.2398368119
ZIF-8_v2_EQeq,0.15000000000000002,0.12,0.02,0.01,0.01,0.69,1.8957918916,0.2078038736,24.0899472691,1.3299356018,0.0016145728,0.0004126051,0.2551412558,0.0457342691,14.8242299304,1.4555476291,6.6643569864,0.2938052334,47.7310819061,3.3332392121
ZIF-8_v2_EQeq,0.15000000000000002,0.12,0.02,0.01,0.02,0.6799999999999999,1.9075078709,0.1170682256,24.8189083082,0.8552675131,0.0021681407,0.0011147976,0.2665216571,0.0469211607,31.5646600364,2.6982790281,6.3810128360,0.3933018774,64.9407788493,4.1119526025
ZIF-8_v2_EQeq,0.15000000000000002,0.12,0.02,0.01,0.03,0.6699999999999999,1.8635729487,0.1055048163,25.7502466525,1.5143540047,0.0014761809,0.0008043154,0.2345831114,0.0867933096,49.3891431519,5.4532459138,5.9566376604,0.3966354799,83.1956597058,7.5573378397
ZIF-8_v2_EQeq,0.15000000000000002,0.12,0.02,0.02,0.0,0.69,1.9287430833,0.1846312504,22.7639228374,0.8180053471,0.0012916583,0.0010356306,0.5198273643,0.0701707928,0.0000000000,0.0000000000,6.5810204716,0.3788036671,31.7948054149,1.4526466880
ZIF-8_v2_EQeq,0.15000000000000002,0.12,0.02,0.02,0.01,0.6799999999999999,1.9631587723,0.1328905314,23.4586508995,2.6669872544,0.0015684422,0.0007380904,0.5194602545,0.0389205564,15.4411262832,2.8860277348,6.6989736926,0.5102372331,48.0829383443,6.2358014005
ZIF-8_v2_EQeq,0.1,0.0,0.03,0.0,0.01,0.86,1.3275668982,0.0719841816,0.0000000000,0.0000000000,0.0033675376,0.0008555961,0.0000000000,0.0000000000,13.9187727045,2.0863277625,8.9497006433,0.5815903975,24.1994077836,2.7407579377
ZIF-8_v2_EQeq,0.15000000000000002,0.12,0.02,0.02,0.02,0.6699999999999999,1.8467312285,0.2053745496,24.9457716935,1.2887299939,0.0019836180,0.0010759425,0.5073456338,0.1018052908,29.5696905414,2.7632611944,6.2361355102,0.4417872568,63.1076582254,4.8020342280
ZIF-8_v2_EQeq,0.15000000000000002,0.12,0.02,0.02,0.03,0.6599999999999999,1.7844900888,0.0934987262,26.4741734303,1.6534390420,0.0017529648,0.0006904204,0.5374486309,0.0682231711,47.2849884617,5.8097609682,5.7976572321,0.0734722859,81.8805108086,7.6990846138
ZIF-8_v2_EQeq,0.15000000000000002,0.12,0.02,0.03,0.0,0.6799999999999999,1.9895197256,0.1942102472,23.5925622507,2.1912177430,0.0022604020,0.0011449327,0.7940583255,0.0313744605,0.0000000000,0.0000000000,6.7079483942,0.4163451466,33.0863490980,2.8342925300
ZIF-8_v2_EQeq,0.15000000000000002,0.12,0.02,0.03,0.01,0.6699999999999999,1.8928628968,0.1164252411,24.3648179372,1.8529736609,0.0016607035,0.0006779794,0.7936912158,0.0521554267,15.0519590518,1.6189372409,6.4579388497,0.3553152904,48.5629306548,3.9964848394
ZIF-8_v2_EQeq,0.15000000000000002,0.12,0.02,0.03,0.02,0.6599999999999999,1.8276927623,0.1561871206,25.3847592806,1.7732334943,0.0015223115,0.0006257466,0.7588157923,0.0913682922,30.5656155004,1.9445414771,6.1066433871,0.4759062099,64.6450490342,4.4418623407
ZIF-8_v2_EQeq,0.15000000000000002,0.12,0.02,0.03,0.03,0.6499999999999999,1.7654516225,0.1657795538,25.7291027549,0.9974933705,0.0021220100,0.0007936618,0.7334852216,0.0592219781,47.5673101807,3.8760967120,5.5688023414,0.2346488615,81.3662741311,5.3340341377
ZIF-8_v2_EQeq,0.15000000000000002,0.12,0.03,0.0,0.0,0.7,2.0305256529,0.2915269603,23.9449605431,1.8429148362,0.0035059296,0.0016861369,0.0000000000,0.0000000000,0.0000000000,0.0000000000,6.9598810890,0.4665788035,32.9388732146,2.6027067369
ZIF-8_v2_EQeq,0.15000000000000002,0.12,0.03,0.0,0.01,0.69,1.8262282649,0.1003367776,24.1483447004,2.1363060970,0.0028601004,0.0023630424,0.0000000000,0.0000000000,14.6159981653,2.7094895676,6.5207617609,0.4944420818,47.1141929919,5.4429375664
ZIF-8_v2_EQeq,0.15000000000000002,0.12,0.03,0.0,0.02,0.6799999999999999,1.8445344824,0.1297878551,24.5289348562,1.4525441348,0.0026294472,0.0015047363,0.0000000000,0.0000000000,29.8473328949,3.1752229563,6.2002367038,0.2911129901,62.4236683845,5.0501726726
ZIF-8_v2_EQeq,0.15000000000000002,0.12,0.03,0.0,0.03,0.6699999999999999,1.7757031044,0.2013351065,26.8003935638,1.6825534664,0.0019374874,0.0010759425,0.0000000000,0.0000000000,50.6697295127,4.6512725771,5.8617622435,0.3187095901,85.1095259118,6.8549466826
ZIF-8_v2_EQeq,0.1,0.0,0.0,0.01,0.01,0.88,1.2850964735,0.0987857508,0.0000000000,0.0000000000,0.0000000000,0.0000000000,0.2775349487,0.0365195761,12.9127091202,1.2083338340,8.9772657982,1.0051567669,23.4526063406,2.3487959278
ZIF-8_v2_EQeq,0.1,0.0,0.03,0.0,0.02,0.85,1.2243198311,0.1167563611,0.0000000000,0.0000000000,0.0027217085,0.0015819518,0.0000000000,0.0000000000,30.6997573117,3.1134816363,8.3368567342,0.6077614889,40.2636555855,3.8395814381
ZIF-8_v2_EQeq,0.15000000000000002,0.12,0.03,0.01,0.0,0.69,1.9397268138,0.0975183739,23.1304170615,2.1089707396,0.0031830150,0.0019658371,0.2753322904,0.0327531005,0.0000000000,0.0000000000,6.8367994671,0.3530551131,32.1854586478,2.5942631642
ZIF-8_v2_EQeq,0.15000000000000002,0.12,0.03,0.01,0.01,0.6799999999999999,1.8708954357,0.1253835593,23.9056933048,1.7734507257,0.0029062311,0.0016658212,0.2624834502,0.0095730503,15.1634839297,2.6354961256,6.4489641481,0.3800081057,47.6544264996,4.9255773878
ZIF-8_v2_EQeq,0.15000000000000002,0.12,0.03,0.01,0.02,0.6699999999999999,1.8899339020,0.0969669821,24.3748864598,1.1058410181,0.0028601004,0.0014761809,0.2433937447,0.0424706442,29.6773159481,5.2720888312,6.0681803803,0.1298913705,62.2565705353,6.6487350270
ZIF-8_v2_EQeq,0.15000000000000002,0.12,0.03,0.01,0.03,0.6599999999999999,1.8760211767,0.0879430387,26.6362766448,1.1610015159,0.0024449246,0.0010759425,0.2485332808,0.0372648012,45.1894126082,3.9878078889,5.9470219087,0.3123065627,79.8997105438,5.5873997499
ZIF-8_v2_EQeq,0.15000000000000002,0.12,0.03,0.02,0.0,0.6799999999999999,2.0092904406,0.1010821529,22.5252988508,1.1425462082,0.0026755778,0.0011147976,0.5352459725,0.0325549953,0.0000000000,0.0000000000,6.6079445764,0.5888958645,31.6804554181,1.8661940185
ZIF-8_v2_EQeq,0.15000000000000002,0.12,0.03,0.02,0.01,0.6699999999999999,1.8591794565,0.0894902587,24.2490299268,1.8206984964,0.0024449246,0.0012239845,0.5326762045,0.0210760629,15.4738818418,1.9669075268,6.2970352710,0.4695988535,48.4142476252,4.3689951828
ZIF-8_v2_EQeq,0.15000000000000002,0.12,0.03,0.02,0.02,0.6599999999999999,1.9294753320,0.1825048182,25.2508479295,1.3722831239,0.0027217085,0.0008945065,0.5341446434,0.0269769448,32.5200304944,1.3448380328,6.1797231001,0.4006229853,66.4169432079,3.3281204115
ZIF-8_v2_EQeq,0.15000000000000002,0.12,0.03,0.02,0.03,0.6499999999999999,1.8137800369,0.1658571599,26.5174680776,1.5739210433,0.0027678391,0.0007719135,0.5157891573,0.0692271990,47.4472064660,7.1197188216,5.6713703596,0.2591174995,81.9683819365,9.1886136368
ZIF-8_v2_EQeq,0.15000000000000002,0.12,0.03,0.03,0.0,0.6699999999999999,1.8577149591,0.2109893031,22.5112029191,1.4549429795,0.0016145728,0.0010519407,0.7958938741,0.0717359072,0.0000000000,0.0000000000,6.5617889682,0.3459628150,31.7282152933,2.0846829455
ZIF-8_v2_EQeq,0.15000000000000002,0.12,0.03,0.03,0.01,0.6599999999999999,1.8862726585,0.1324054688,23.7365421244,1.4183686193,0.0029984924,0.0025601473,0.8263639809,0.0398377482,15.1057717551,2.6336621252,6.2745985170,0.4796597240,47.8325475283,4.7064938328
ZIF-8_v2_EQeq,0.1,0.0,0.03,0.0,0.03,0.84,1.2572710228,0.0972099798,0.0000000000,0.0000000000,0.0021681407,0.0014470620,0.0000000000,0.0000000000,44.8197427330,8.5653785632,7.8124777408,0.4178073319,53.8916596373,9.0818429369
ZIF-8_v2_EQeq,0.15000000000000002,0.12,0.03,0.03,0.02,0.6499999999999999,1.9199560988,0.0848397896,25.2498410772,1.3870258799,0.0026294472,0.0014173451,0.7808423756,0.0514792033,30.4915255465,5.4974935526,5.9989469680,0.2134841256,64.4437415133,7.2357398961
ZIF-8_v2_EQeq,0.15000000000000002,0.12,0.03,0.03,0.03,0.6399999999999999,1.8511247208,0.0430970509,25.7754179591,1.6880441980,0.0024910552,0.0010680018,0.7558789146,0.0332756157,48.4306531170,2.7049152271,5.5797001933,0.2640753017,82.3952659600,4.7344753952
ZIF-8_v2_EQeq,0.2,0.0,0.0,0.0,0.0,0.8,2.7971900448,0.2609929965,0.0000000000,0.0000000000,0.0000000000,0.0000000000,0.0000000000,0.0000000000,0.0000000000,0.0000000000,8.3336514836,0.8301537100,11.1308415284,1.0911467065
ZIF-8_v2_EQeq,0.2,0.0,0.0,0.0,0.01,0.79,2.5657994547,0.1580979045,0.0000000000,0.0000000000,0.0000000000,0.0000000000,0.0000000000,0.0000000000,14.7345420915,3.5807070999,7.8285039937,0.5352150399,25.1288455399,4.2740200443
ZIF-8_v2_EQeq,0.2,0.0,0.0,0.0,0.02,0.78,2.5987506463,0.2434503949,0.0000000000,0.0000000000,0.0000000000,0.0000000000,0.0000000000,0.0000000000,30.1429128162,3.6112320970,7.2073264331,0.3490657675,39.9489898956,4.2037482594
ZIF-8_v2_EQeq,0.2,0.0,0.0,0.0,0.03,0.77,2.4720716208,0.1520822560,0.0000000000,0.0000000000,0.0000000000,0.0000000000,0.0000000000,0.0000000000,49.5209452804,7.3983690560,7.0137292986,0.3659132919,59.0067461998,7.9163646039
ZIF-8_v2_EQeq,0.2,0.0,0.0,0.01,0.0,0.79,2.7539873713,0.1700583569,0.0000000000,0.0000000000,0.0000000000,0.0000000000,0.2466977322,0.0508470155,0.0000000000,0.0000000000,8.2387760667,0.3368192233,11.2394611702,.5577245957
ZIF-8_v2_EQeq,0.2,0.0,0.0,0.01,0.01,0.78,2.6338985841,0.2343470426,0.0000000000,0.0000000000,0.0000000000,0.0000000000,0.2756994001,0.0245057769,15.1369675252,1.1427023772,7.6208037567,0.4053667611,25.6673692661,1.8069219578
ZIF-8_v2_EQeq,0.2,0.0,0.0,0.01,0.02,0.77,2.6236471022,0.2616741736,0.0000000000,0.0000000000,0.0000000000,0.0000000000,0.2654203279,0.0136572711,28.3429168840,4.2981460208,7.5881102009,0.4214308501,38.8200945150,4.9949083156
ZIF-8_v2_EQeq,0.2,0.0,0.0,0.01,0.03,0.76,2.4984325741,0.1142495717,0.0000000000,0.0000000000,0.0000000000,0.0000000000,0.2635847793,0.0245277650,44.1084791758,4.2634147427,7.3207923033,0.5979179949,54.1912888325,5.0001100743
ZIF-8_v2_EQeq,0.1,0.0,0.03,0.01,0.0,0.86,1.3583213438,0.1715401014,0.0000000000,0.0000000000,0.0037365828,0.0015548151,0.2588123530,0.0325880964,0.0000000000,0.0000000000,9.1868891855,0.7031638932,10.8077594651,.9088469061
ZIF-8_v2_EQeq,0.2,0.0,0.0,0.02,0.0,0.78,2.7525228739,0.1422448470,0.0000000000,0.0000000000,0.0000000000,0.0000000000,0.5458921544,0.0673963857,0.0000000000,0.0000000000,8.1477469505,0.6208596004,11.4461619788,.8305008331
ZIF-8_v2_EQeq,0.2,0.0,0.0,0.02,0.01,0.77,2.6397565737,0.2735906934,0.0000000000,0.0000000000,0.0000000000,0.0000000000,0.5447908253,0.0559839315,14.9123579808,3.4568460573,7.7515779800,0.3046060769,25.8484833598,4.0910267591
ZIF-8_v2_EQeq,0.2,0.0,0.0,0.02,0.02,0.76,2.5343127605,0.0821163950,0.0000000000,0.0000000000,0.0000000000,0.0000000000,0.5290051073,0.0632622831,28.8381497336,5.1935959021,7.4541307270,0.4947411979,39.3555983284,5.8337157781
ZIF-8_v2_EQeq,0.2,0.0,0.0,0.02,0.03,0.75,2.5247935274,0.1834191650,0.0000000000,0.0000000000,0.0000000000,0.0000000000,0.5099154018,0.0340760094,43.3145468279,10.2601832514,6.9547526881,0.1922466434,53.3040084452,10.6699250692
ZIF-8_v2_EQeq,0.2,0.0,0.0,0.03,0.0,0.77,2.7166426875,0.1778625919,0.0000000000,0.0000000000,0.0000000000,0.0000000000,0.8127809212,0.0648195603,0.0000000000,0.0000000000,7.9355593627,0.5437586438,11.4649829714,.7864407960
ZIF-8_v2_EQeq,0.2,0.0,0.0,0.03,0.01,0.76,2.6529370504,0.1968428343,0.0000000000,0.0000000000,0.0000000000,0.0000000000,0.7925898866,0.0663809092,14.5192912781,2.9972731253,7.6861908683,0.7594428470,25.6510090834,4.0199397158
ZIF-8_v2_EQeq,0.2,0.0,0.0,0.03,0.02,0.75,2.6177891126,0.2606229392,0.0000000000,0.0000000000,0.0000000000,0.0000000000,0.8135151407,0.0693205811,30.2653562136,4.9529870026,7.0951426631,0.4709096717,40.7918031300,5.7538401946
ZIF-8_v2_EQeq,0.2,0.0,0.0,0.03,0.03,0.74,2.5211322838,0.1250066711,0.0000000000,0.0000000000,0.0000000000,0.0000000000,0.8171862379,0.1161459968,44.9944390454,9.1849674042,6.9303927838,0.2439159883,55.2631503509,9.6700360604
ZIF-8_v2_EQeq,0.2,0.0,0.01,0.0,0.0,0.79,2.5621382112,0.2895263591,0.0000000000,0.0000000000,0.0010148743,0.0003690452,0.0000000000,0.0000000000,0.0000000000,0.0000000000,7.9894075723,0.4009838922,10.5525606578,.6908792965
ZIF-8_v2_EQeq,0.2,0.0,0.01,0.0,0.01,0.78,2.6727077653,0.2481880258,0.0000000000,0.0000000000,0.0012916583,0.0011523433,0.0000000000,0.0000000000,15.8412120342,4.0375799530,7.7855536360,0.5585750359,26.3007650938,4.8454953580
ZIF-8_v2_EQeq,0.1,0.0,0.03,0.01,0.01,0.85,1.3370861314,0.0722518370,0.0000000000,0.0000000000,0.0029523617,0.0005379712,0.2768007293,0.0683810222,14.1293441524,1.6944831875,8.4355784517,0.7749381176,24.1817618265,2.6105921355
ZIF-8_v2_EQeq,0.2,0.0,0.01,0.0,0.02,0.77,2.5086840559,0.1670682825,0.0000000000,0.0000000000,0.0008764824,0.0008945065,0.0000000000,0.0000000000,30.1624101725,4.5459366262,7.3022018500,0.6108962060,39.9741725608,5.3247956212
ZIF-8_v2_EQeq,0.2,0.0,0.01,0.0,0.03,0.76,2.4632846363,0.2117908330,0.0000000000,0.0000000000,0.0007380904,0.0009408844,0.0000000000,0.0000000000,44.9811808431,4.6238440463,7.4233603215,0.6335443500,54.8685638913,5.4701201137
ZIF-8_v2_EQeq,0.2,0.0,0.01,0.01,0.0,0.78,2.6126633717,0.1506084461,0.0000000000,0.0000000000,0.0010148743,0.0009039725,0.2646861085,0.0351659688,0.0000000000,0.0000000000,7.9612013673,0.4818957525,10.8395657218,.6685741399
ZIF-8_v2_EQeq,0.2,0.0,0.01,0.01,0.01,0.77,2.7393423973,0.3719189125,0.0000000000,0.0000000000,0.0010610050,0.0006257466,0.2881811306,0.0326707026,13.9242319643,2.4356755490,7.7361927772,0.2891867942,24.6890092744,3.1300777049
ZIF-8_v2_EQeq,0.2,0.0,0.01,0.01,0.02,0.76,2.5643349573,0.2082781004,0.0000000000,0.0000000000,0.0005535678,0.0003690452,0.2536728169,0.0283792673,29.7974196628,1.6230991578,7.2586104422,0.8428051414,39.8745914470,2.7029307121
ZIF-8_v2_EQeq,0.2,0.0,0.01,0.01,0.03,0.75,2.5657994547,0.1603206655,0.0000000000,0.0000000000,0.0006458291,0.0005379712,0.2595465724,0.0370471735,46.7803968810,2.0145174246,7.0829627109,0.4333498771,56.6893514481,2.6457731119
ZIF-8_v2_EQeq,0.2,0.0,0.01,0.02,0.0,0.77,2.7283586667,0.2875565922,0.0000000000,0.0000000000,0.0009226130,0.0002917559,0.5525001294,0.0680887099,0.0000000000,0.0000000000,8.1387722489,0.6994253351,11.4205536580,1.0553623931
ZIF-8_v2_EQeq,0.2,0.0,0.01,0.02,0.01,0.76,2.5877669158,0.3170696071,0.0000000000,0.0000000000,0.0006919598,0.0007719135,0.5822360168,0.0426479754,13.6816848521,0.5699228990,7.4829779821,0.6272419040,24.3353577266,1.5576542990
ZIF-8_v2_EQeq,0.2,0.0,0.01,0.02,0.02,0.75,2.5592092164,0.1431916036,0.0000000000,0.0000000000,0.0010148743,0.0012582764,0.5301064364,0.0344692374,27.1941326517,8.4390272226,7.2752777452,0.8454709804,37.5597409240,9.4634173204
ZIF-8_v2_EQeq,0.2,0.0,0.01,0.02,0.03,0.74,2.6331663354,0.1057484767,0.0000000000,0.0000000000,0.0009687437,0.0005379712,0.5334104239,0.0388928450,44.9585639098,5.5086876342,7.0592438567,0.4311480229,55.1853532695,6.0850149500
ZIF-8_v2_EQeq,0.1,0.0,0.03,0.01,0.02,0.84,1.2850964735,0.1022005157,0.0000000000,0.0000000000,0.0033675376,0.0006904204,0.2690914251,0.0376247169,26.8252426708,2.1303901773,8.3733965907,0.4556527213,36.7561946977,2.7265585516
ZIF-8_v2_EQeq,0.2,0.0,0.01,0.03,0.0,0.76,2.8477152053,0.3029563417,0.0000000000,0.0000000000,0.0009687437,0.0007936618,0.8116795921,0.0999024202,0.0000000000,0.0000000000,7.8111956406,0.2074468280,11.4715591817,.6110992517
ZIF-8_v2_EQeq,0.2,0.0,0.01,0.03,0.01,0.75,2.6368275789,0.1890506762,0.0000000000,0.0000000000,0.0006919598,0.0008252102,0.8050716171,0.0722973174,13.3853250366,2.0251473645,7.4515665266,0.4446947592,24.2794827190,2.7320153275
ZIF-8_v2_EQeq,0.2,0.0,0.01,0.03,0.02,0.74,2.5474932371,0.1187417531,0.0000000000,0.0000000000,0.0011532663,0.0010519407,0.7712975228,0.0879348482,29.9128440120,5.6469578760,7.1528371734,0.1960649442,40.3856252116,6.0507513622
ZIF-8_v2_EQeq,0.2,0.0,0.01,0.03,0.03,0.73,2.5921604080,0.1771376055,0.0000000000,0.0000000000,0.0012916583,0.0011147976,0.7911214477,0.0393338836,46.2149735488,9.2985043470,6.8970581778,0.4493098253,56.4966052406,9.9654004590
ZIF-8_v2_EQeq,0.2,0.0,0.02,0.0,0.0,0.78,2.7452003869,0.3170357839,0.0000000000,0.0000000000,0.0017068341,0.0012239845,0.0000000000,0.0000000000,0.0000000000,0.0000000000,7.9003016064,0.4723873889,10.6472088274,.7906471573
ZIF-8_v2_EQeq,0.2,0.0,0.02,0.0,0.01,0.77,2.7364134025,0.1566806907,0.0000000000,0.0000000000,0.0014300502,0.0011815212,0.0000000000,0.0000000000,14.5387886344,1.8993113625,7.7445264287,0.6981668523,25.0211585158,2.7553404267
ZIF-8_v2_EQeq,0.2,0.0,0.02,0.0,0.02,0.76,2.5094163046,0.2287899325,0.0000000000,0.0000000000,0.0016607035,0.0007936618,0.0000000000,0.0000000000,29.0877158940,3.9476259473,7.1528371734,0.2688928241,38.7516300755,4.4461023657
ZIF-8_v2_EQeq,0.2,0.0,0.02,0.0,0.03,0.75,2.5474932371,0.1257593179,0.0000000000,0.0000000000,0.0020297487,0.0009850812,0.0000000000,0.0000000000,48.0929589061,3.0932041486,7.1162973169,0.4551257171,57.7587792088,3.6750742648
ZIF-8_v2_EQeq,0.2,0.0,0.02,0.01,0.0,0.77,2.6741722627,0.2860310029,0.0000000000,0.0000000000,0.0017068341,0.0008555961,0.2922193375,0.0506238847,0.0000000000,0.0000000000,7.9791507705,0.5351228944,10.9472492048,.8726333781
ZIF-8_v2_EQeq,0.2,0.0,0.02,0.01,0.01,0.76,2.7642388532,0.2459745359,0.0000000000,0.0000000000,0.0019374874,0.0008555961,0.2779020584,0.0589482654,14.4023071404,1.6685844343,7.7041402715,0.3654907747,25.1505258109,2.3398536064
ZIF-8_v2_EQeq,0.1,0.0,0.03,0.01,0.03,0.83,1.2880254683,0.1349723269,0.0000000000,0.0000000000,0.0030907537,0.0009498883,0.2701927543,0.0619709045,45.1207819141,8.5937212510,7.7054223717,0.2899077824,54.3875132621,9.0815221531
ZIF-8_v2_EQeq,0.2,0.0,0.02,0.01,0.02,0.75,2.5584769677,0.1722512937,0.0000000000,0.0000000000,0.0019836180,0.0004704422,0.2797376070,0.0214814089,28.7780978762,2.6582063753,7.1041173647,0.5676765708,38.7224134336,3.4200860909
ZIF-8_v2_EQeq,0.2,0.0,0.02,0.01,0.03,0.74,2.4669458798,0.1311031950,0.0000000000,0.0000000000,0.0017068341,0.0009039725,0.2588123530,0.0322555561,46.2929629739,3.2891076381,6.8053880115,0.1985144972,55.8258160523,3.6518848589
ZIF-8_v2_EQeq,0.2,0.0,0.02,0.02,0.0,0.76,2.6360953302,0.2685266917,0.0000000000,0.0000000000,0.0022142713,0.0004704422,0.5701213960,0.0663484173,0.0000000000,0.0000000000,7.8419660461,0.5273096036,11.0503970436,.8626551548
ZIF-8_v2_EQeq,0.2,0.0,0.02,0.02,0.01,0.75,2.6536692991,0.3122643664,0.0000000000,0.0000000000,0.0015223115,0.0010759425,0.5422210572,0.0534822294,14.8179907764,1.6224499838,7.4605412282,0.6209734363,25.4759446724,2.6102459584
ZIF-8_v2_EQeq,0.2,0.0,0.02,0.02,0.02,0.74,2.6024118899,0.1263548129,0.0000000000,0.0000000000,0.0018913567,0.0015819518,0.5326762045,0.0714648637,30.4962049120,6.0738184326,7.0573207064,0.4678418693,40.6905050695,6.7410619303
ZIF-8_v2_EQeq,0.2,0.0,0.02,0.02,0.03,0.73,2.6141278691,0.1654946868,0.0000000000,0.0000000000,0.0018913567,0.0023230803,0.5099154018,0.0141991282,45.5887184649,6.1568055082,7.0105240480,0.2875565322,55.7251771405,6.6263789357
ZIF-8_v2_EQeq,0.2,0.0,0.02,0.03,0.0,0.75,2.6705110192,0.1780795123,0.0000000000,0.0000000000,0.0018913567,0.0007380904,0.8667460502,0.1221190361,0.0000000000,0.0000000000,7.8714543513,0.2980820993,11.4106027774,.5990187381
ZIF-8_v2_EQeq,0.2,0.0,0.02,0.03,0.01,0.74,2.6763690088,0.1782239792,0.0000000000,0.0000000000,0.0019836180,0.0010356306,0.7397260869,0.0943121948,13.1950308392,2.5106946081,7.2868166472,0.4318718032,23.8999262001,3.2161382159
ZIF-8_v2_EQeq,0.2,0.0,0.02,0.03,0.02,0.73,2.5753186879,0.0930388182,0.0000000000,0.0000000000,0.0020297487,0.0007380904,0.8039702880,0.0545006497,28.8670058209,4.8655961651,6.9278285833,0.2803845036,39.1761531288,5.2942582270
ZIF-8_v2_EQeq,0.2,0.0,0.02,0.03,0.03,0.72,2.5189355377,0.1803770987,0.0000000000,0.0000000000,0.0017529648,0.0013241988,0.8138822504,0.1005264130,45.6378518028,3.6918866007,6.7835923076,0.3448730458,55.7560148633,4.3189873570
ZIF-8_v2_EQeq,0.1,0.0,0.03,0.02,0.0,0.85,1.3275668982,0.1633160861,0.0000000000,0.0000000000,0.0023065326,0.0008252102,0.5088140727,0.1097258960,0.0000000000,0.0000000000,8.7234099530,0.5651808433,10.5620974565,.8390480356
ZIF-8_v2_EQeq,0.2,0.0,0.03,0.0,0.0,0.77,2.6463468120,0.2288742859,0.0000000000,0.0000000000,0.0022604020,0.0014704032,0.0000000000,0.0000000000,0.0000000000,0.0000000000,7.9599192671,0.5246062113,10.6085264811,.7549509004
ZIF-8_v2_EQeq,0.2,0.0,0.03,0.0,0.01,0.76,2.6565982939,0.2615101968,0.0000000000,0.0000000000,0.0031830150,0.0011815212,0.0000000000,0.0000000000,14.6269166848,2.1051309214,7.7381159276,0.5512643356,25.0248139213,2.9190869750
ZIF-8_v2_EQeq,0.2,0.0,0.03,0.0,0.02,0.75,2.5225967813,0.2728449459,0.0000000000,0.0000000000,0.0025371859,0.0013047719,0.0000000000,0.0000000000,27.0670098887,4.1696253886,7.1284772690,0.2240192710,36.7206211249,4.6677943774
ZIF-8_v2_EQeq,0.2,0.0,0.03,0.0,0.03,0.74,2.5328482631,0.1578263517,0.0000000000,0.0000000000,0.0030446230,0.0026322782,0.0000000000,0.0000000000,44.7667099240,3.5122939159,6.9675736904,0.6410424215,54.2701765005,4.3137949673
ZIF-8_v2_EQeq,0.2,0.0,0.03,0.01,0.0,0.76,2.6639207809,0.1791601746,0.0000000000,0.0000000000,0.0034597989,0.0013684563,0.2701927543,0.0088106333,0.0000000000,0.0000000000,7.9778686703,0.5122949089,10.9154420044,.7016341731
ZIF-8_v2_EQeq,0.2,0.0,0.03,0.01,0.01,0.75,2.6697787705,0.1238691264,0.0000000000,0.0000000000,0.0028601004,0.0015602802,0.2588123530,0.0385727339,13.6933832659,1.6537333484,7.2727135447,0.4395753132,23.8975480345,2.2573108021
ZIF-8_v2_EQeq,0.2,0.0,0.03,0.01,0.02,0.74,2.5848379210,0.0791370820,0.0000000000,0.0000000000,0.0024449246,0.0012239845,0.2712940835,0.0452245801,29.6391011298,3.0797406820,7.0810395606,0.4468703284,39.5787176195,3.6521966570
ZIF-8_v2_EQeq,0.2,0.0,0.03,0.01,0.03,0.73,2.5006293202,0.1751284183,0.0000000000,0.0000000000,0.0021681407,0.0019484399,0.2551412558,0.0502283378,47.8309144377,5.3091612633,6.8560309705,0.2723670984,57.4448841249,5.8088335577
ZIF-8_v2_EQeq,0.2,0.0,0.03,0.02,0.0,0.75,2.7561841175,0.1836995869,0.0000000000,0.0000000000,0.0037827135,0.0012582764,0.5359801920,0.0583230946,0.0000000000,0.0000000000,7.5073378865,0.5510555674,10.8032849095,.7943365253
ZIF-8_v2_EQeq,0.2,0.0,0.03,0.02,0.01,0.74,2.6558660452,0.0989592876,0.0000000000,0.0000000000,0.0028601004,0.0011523433,0.5099154018,0.1131126947,14.4623589977,0.7572994054,7.3990004172,0.5656605284,25.0300009623,1.5361842594
ZIF-8_v2_EQeq,0.1,0.0,0.03,0.02,0.01,0.84,1.2404293026,0.2041595529,0.0000000000,0.0000000000,0.0038288441,0.0015047363,0.5539685683,0.0492748228,13.8696393667,1.3262458895,8.2221087637,0.5414259322,23.8899748454,2.1226109337
ZIF-8_v2_EQeq,0.2,0.0,0.03,0.02,0.02,0.73,2.6104666256,0.1551952714,0.0000000000,0.0000000000,0.0034597989,0.0015438269,0.5110167310,0.0259170103,30.3378863790,7.0863716894,7.1900180800,0.1794207541,40.6528476145,7.4484485521
ZIF-8_v2_EQeq,0.2,0.0,0.03,0.02,0.03,0.72,2.5723896930,0.2049563988,0.0000000000,0.0000000000,0.0022142713,0.0009936847,0.5157891573,0.0802619732,46.3280582152,5.3224810977,6.7438472006,0.5409794528,56.1622985374,6.1496726072
ZIF-8_v2_EQeq,0.2,0.0,0.03,0.03,0.0,0.74,2.7063912057,0.2624843503,0.0000000000,0.0000000000,0.0030907537,0.0022898654,0.7848805825,0.0438446441,0.0000000000,0.0000000000,7.7092686724,0.1697221793,11.2036312143,.4783410391
ZIF-8_v2_EQeq,0.2,0.0,0.03,0.03,0.01,0.73,2.6404888224,0.1529260701,0.0000000000,0.0000000000,0.0033214070,0.0009936847,0.7962609838,0.0295882236,13.7448562865,2.7784137427,7.4759264309,0.5749558425,24.6608539306,3.5368775636
ZIF-8_v2_EQeq,0.2,0.0,0.03,0.03,0.02,0.72,2.5584769677,0.1824107799,0.0000000000,0.0000000000,0.0023526633,0.0018313346,0.7984636421,0.0417279588,29.5899677919,1.2881001288,6.6617927860,0.1880190259,39.6110538510,1.7020892280
ZIF-8_v2_EQeq,0.2,0.0,0.03,0.03,0.03,0.71,2.5350450092,0.0919956193,0.0000000000,0.0000000000,0.0030446230,0.0006779794,0.7731330714,0.1020908305,46.0293587169,6.4045360382,6.7201283463,0.3547180008,56.0607097668,6.9540184682
ZIF-8_v2_EQeq,0.2,0.04,0.0,0.0,0.0,0.76,2.6544015478,0.1769558948,7.6077757070,0.7674143149,0.0000000000,0.0000000000,0.0000000000,0.0000000000,0.0000000000,0.0000000000,7.7387569777,0.6089854621,18.0009342325,1.5533556718
ZIF-8_v2_EQeq,0.2,0.04,0.0,0.0,0.01,0.75,2.5679962008,0.2882717229,7.9551397381,0.9752942941,0.0000000000,0.0000000000,0.0000000000,0.0000000000,14.0248383227,2.8506371383,7.2720724946,0.5513388765,31.8200467562,4.6655420318
ZIF-8_v2_EQeq,0.2,0.04,0.0,0.0,0.02,0.74,2.5731219417,0.2527859974,8.5099153355,0.8409621654,0.0000000000,0.0000000000,0.0000000000,0.0000000000,30.9875382904,3.0029457239,7.1650171255,0.4320620702,49.2355926931,4.5287559569
ZIF-8_v2_EQeq,0.2,0.04,0.0,0.0,0.03,0.73,2.4793941078,0.0961897237,8.5058879265,0.2338499731,0.0000000000,0.0000000000,0.0000000000,0.0000000000,45.9794454849,2.3425686628,6.7246156971,0.2664178361,63.6893432163,2.9390261957
ZIF-8_v2_EQeq,0.1,0.0,0.03,0.02,0.02,0.8300000000000001,1.2433582974,0.1290587040,0.0000000000,0.0000000000,0.0029984924,0.0015711534,0.5558041169,0.0696696491,27.2253284217,4.4561123802,7.9265846611,0.5716930779,36.9540739895,5.2281049646
ZIF-8_v2_EQeq,0.2,0.04,0.0,0.01,0.0,0.75,2.6353630815,0.1381914527,7.4597684242,0.6484128580,0.0000000000,0.0000000000,0.2687243154,0.0530775151,0.0000000000,0.0000000000,7.4996452851,0.4088151036,17.8635011062,1.2484969294
ZIF-8_v2_EQeq,0.2,0.04,0.0,0.01,0.01,0.74,2.5870346671,0.3044112072,7.7567898421,0.5584318900,0.0000000000,0.0000000000,0.2628505599,0.0481683768,14.9092384038,1.9578210291,7.2169421848,0.6327083439,32.7328556577,3.5015408470
ZIF-8_v2_EQeq,0.2,0.04,0.0,0.01,0.02,0.73,2.6199858587,0.1672735576,8.3306956325,0.4253828681,0.0000000000,0.0000000000,0.2533057072,0.0389205564,30.7535700150,4.7200359870,7.0573207064,0.3520386688,49.0148779198,5.7036516379
ZIF-8_v2_EQeq,0.2,0.04,0.0,0.01,0.03,0.72,2.5262580248,0.3518757885,8.5552236874,0.5226174310,0.0000000000,0.0000000000,0.2819402654,0.0355623035,48.9859378240,4.0327739763,6.6265350297,0.5072744225,66.9758948313,5.4501039218
ZIF-8_v2_EQeq,0.2,0.04,0.0,0.02,0.0,0.74,2.6492758068,0.1621298507,7.6913444449,0.5830500552,0.0000000000,0.0000000000,0.5411197281,0.0798714672,0.0000000000,0.0000000000,7.6708056656,0.4842436722,18.5525456454,1.3092950453
ZIF-8_v2_EQeq,0.2,0.04,0.0,0.02,0.01,0.73,2.5943571541,0.0703263792,7.8131735688,0.5008824380,0.0000000000,0.0000000000,0.5286379976,0.0383625267,15.2243156814,1.1602603969,7.1047584148,0.3382315511,33.2652428167,2.1080632919
ZIF-8_v2_EQeq,0.2,0.04,0.0,0.02,0.02,0.72,2.4757328643,0.1902945185,7.8252557960,0.8320913663,0.0000000000,0.0000000000,0.5429552767,0.0882713777,28.5495888606,3.7577684460,6.7906438589,0.6065513064,46.1841766565,5.4749770149
ZIF-8_v2_EQeq,0.2,0.04,0.0,0.02,0.03,0.71,2.5328482631,0.3142157595,8.5441483125,0.3251618436,0.0000000000,0.0000000000,0.5422210572,0.0609269431,45.4148020469,8.6578808804,6.6246118793,0.3729435415,63.6586315590,9.7311289681
ZIF-8_v2_EQeq,0.2,0.04,0.0,0.03,0.0,0.73,2.6639207809,0.1964065202,7.6953718539,0.4143340813,0.0000000000,0.0000000000,0.8065400560,0.0611918058,0.0000000000,0.0000000000,7.5240051895,0.6940012207,18.6898378803,1.3659336280
ZIF-8_v2_EQeq,0.2,0.04,0.0,0.03,0.01,0.72,2.5394385014,0.1459803492,7.9672219652,0.6704940619,0.0000000000,0.0000000000,0.7801081561,0.0536030479,14.0895695456,1.4297093228,7.0150113988,0.4798995521,32.3913495671,2.7796863339
ZIF-8_v2_EQeq,0.1,0.0,0.03,0.02,0.03,0.8200000000000001,1.2946157066,0.0827926897,0.0000000000,0.0000000000,0.0025833165,0.0006779794,0.5088140727,0.0414947675,45.5692211086,4.6101263721,7.6490099617,0.3035248749,55.0242441661,5.0386166836
ZIF-8_v2_EQeq,0.2,0.04,0.0,0.03,0.02,0.71,2.4244754551,0.0532883900,8.3739902799,0.7787232604,0.0000000000,0.0000000000,0.7999320810,0.0554031696,29.6851148906,1.6778829874,6.6239708292,0.4710492771,47.9074835358,3.0363470845
ZIF-8_v2_EQeq,0.2,0.04,0.0,0.03,0.03,0.7,2.5379740040,0.1698690736,8.7193406065,0.8066891291,0.0000000000,0.0000000000,0.7984636421,0.0701554264,45.5661015316,5.3596371173,6.4463999476,0.2111148453,64.0682797318,6.6174655917
ZIF-8_v2_EQeq,0.2,0.04,0.01,0.0,0.0,0.75,2.6851559933,0.2139670304,7.5211864123,0.7296171448,0.0007842211,0.0006257466,0.0000000000,0.0000000000,0.0000000000,0.0000000000,7.8631206998,0.5287695950,18.0702473265,1.4729795168
ZIF-8_v2_EQeq,0.2,0.04,0.01,0.0,0.01,0.74,2.6836914959,0.2014948329,8.0155508739,0.7625109637,0.0008303517,0.0007495344,0.0000000000,0.0000000000,14.7017865329,2.0039937844,7.1412982713,0.2959125101,32.5431575257,3.2646616255
ZIF-8_v2_EQeq,0.2,0.04,0.01,0.0,0.02,0.73,2.4808586052,0.3026092517,8.1575170431,0.6290240522,0.0009687437,0.0009408844,0.0000000000,0.0000000000,31.0343319455,3.5546433560,6.9335980343,0.3826462444,48.6072743718,4.8698637887
ZIF-8_v2_EQeq,0.2,0.04,0.01,0.0,0.03,0.72,2.5094163046,0.2817626024,8.4344014157,0.9663390165,0.0008764824,0.0007936618,0.0000000000,0.0000000000,43.7450484546,2.0613972711,6.6938452917,0.4792654600,61.3835879490,3.7895580118
ZIF-8_v2_EQeq,0.2,0.04,0.01,0.01,0.0,0.74,2.5657994547,0.1682196971,7.5443440143,0.3103065754,0.0008303517,0.0011147976,0.2591794627,0.0364456946,0.0000000000,0.0000000000,7.4163087703,0.3525519198,17.7864620537,.8686386845
ZIF-8_v2_EQeq,0.2,0.04,0.01,0.01,0.01,0.73,2.6060731334,0.1517999423,7.7930365236,0.2741154133,0.0011993970,0.0007936618,0.2716611932,0.0185744459,14.9802087807,2.8739186761,7.0951426631,0.2833006369,32.7473216910,3.6025027763
ZIF-8_v2_EQeq,0.2,0.04,0.01,0.01,0.02,0.72,2.5401707501,0.2601452001,8.1534896341,0.5673360119,0.0008303517,0.0003690452,0.2584452433,0.0269169293,28.0956904063,3.2151702136,6.8047469614,0.3022332045,45.8533733469,4.3721706046
ZIF-8_v2_EQeq,0.2,0.04,0.01,0.01,0.03,0.71,2.4544976519,0.1357013127,8.6679911410,0.6007930572,0.0012455276,0.0020547568,0.2841429237,0.0266148218,47.0026667427,4.7323391952,6.4675546014,0.3296119857,64.8780985883,5.8271151294
ZIF-8_v2_EQeq,0.1,0.0,0.0,0.01,0.02,0.87,1.2667902559,0.1481967177,0.0000000000,0.0000000000,0.0000000000,0.0000000000,0.2657874377,0.0390864118,26.6692638205,5.3683954939,8.3624987387,0.5307182619,36.5643402528,6.0863968853
ZIF-8_v2_EQeq,0.1,0.0,0.03,0.03,0.0,0.84,1.3326926392,0.1798412355,0.0000000000,0.0000000000,0.0028139698,0.0012850513,0.8465550155,0.0934912495,0.0000000000,0.0000000000,8.3548061374,0.6524945521,10.5368677619,.9271120884
ZIF-8_v2_EQeq,0.2,0.04,0.01,0.02,0.0,0.73,2.6251115996,0.0736629093,7.3077337323,0.5875256884,0.0009226130,0.0006523859,0.5334104239,0.0662671179,0.0000000000,0.0000000000,7.2387378887,0.3577174518,17.7059162575,1.0858255533
ZIF-8_v2_EQeq,0.2,0.04,0.01,0.02,0.01,0.72,2.5621382112,0.1143246371,7.9853453060,0.6621812523,0.0011532663,0.0011299656,0.5513988002,0.0800130774,13.7963293071,1.5516250443,7.0848858613,0.3693828438,31.9812507521,2.7786568205
ZIF-8_v2_EQeq,0.2,0.04,0.01,0.02,0.02,0.71,2.5570124703,0.1797577354,8.3256613712,0.3178465316,0.0007380904,0.0003452102,0.5356130822,0.0459342141,30.5866726452,3.5008944768,6.6143550775,0.1934484896,48.6200527368,4.2382266577
ZIF-8_v2_EQeq,0.2,0.04,0.01,0.02,0.03,0.7,2.4933068331,0.3043900697,8.4605795746,0.3767619108,0.0007842211,0.0008555961,0.5132193893,0.0568060035,46.0511957560,1.3698513403,6.5047355080,0.1849337919,64.0238212821,2.2935987123
ZIF-8_v2_EQeq,0.2,0.04,0.01,0.03,0.0,0.72,2.6426855685,0.2192054707,7.6178442296,0.5769676391,0.0006919598,0.0008252102,0.8348075045,0.0690868893,0.0000000000,0.0000000000,7.3945130664,0.7635227108,18.4905423288,1.6296079201
ZIF-8_v2_EQeq,0.2,0.04,0.01,0.03,0.01,0.71,2.5042905637,0.1309067366,8.0820031233,0.9000741158,0.0008303517,0.0008043154,0.7790068270,0.0773060204,14.7283029375,3.4775203948,6.8419278680,0.3686032582,32.9363616712,4.9552148412
ZIF-8_v2_EQeq,0.2,0.04,0.01,0.03,0.02,0.7,2.5430997449,0.1094558738,8.3437847120,0.7773421146,0.0007380904,0.0006779794,0.7918556672,0.0650354323,29.9276620028,4.6062205097,6.6252529295,0.4884616786,48.2323931468,6.0471935884
ZIF-8_v2_EQeq,0.2,0.04,0.01,0.03,0.03,0.69,2.4859843461,0.0858949889,8.6206690846,0.4294245562,0.0006919598,0.0005053360,0.7672593159,0.0620838871,45.8226867403,4.9503445884,6.4271684442,0.5196445701,64.1244598909,6.0478979267
ZIF-8_v2_EQeq,0.2,0.04,0.02,0.0,0.0,0.74,2.6917462316,0.1784885315,7.8776121137,0.8929457068,0.0019836180,0.0010356306,0.0000000000,0.0000000000,0.0000000000,0.0000000000,7.7099097225,0.5000125141,18.2812516858,1.5724823830
ZIF-8_v2_EQeq,0.2,0.04,0.02,0.0,0.01,0.73,2.5782476827,0.1187417531,7.6993992630,0.5811413112,0.0017068341,0.0011887038,0.0000000000,0.0000000000,14.1082870076,2.2299302910,7.0355250025,0.4616451083,31.4231657899,3.3926471674
ZIF-8_v2_EQeq,0.1,0.0,0.03,0.03,0.01,0.83,1.3693050743,0.1630137582,0.0000000000,0.0000000000,0.0033214070,0.0011147976,0.8065400560,0.1534957695,13.6793451694,2.6314468785,8.2964705770,0.4578121226,24.1549822837,3.4068833264
ZIF-8_v2_EQeq,0.2,0.04,0.02,0.0,0.02,0.72,2.5760509366,0.1478054482,8.4323877112,0.3412620257,0.0022142713,0.0006257466,0.0000000000,0.0000000000,30.7161350909,2.1177482349,6.8893655765,0.4913740075,48.6161535865,3.0988154629
ZIF-8_v2_EQeq,0.2,0.04,0.02,0.0,0.03,0.71,2.4230109577,0.0960781734,8.3609012005,0.6708810087,0.0017068341,0.0011523433,0.0000000000,0.0000000000,47.0323027242,4.4484757914,6.5694815695,0.2896127916,64.3874032860,5.5062001084
ZIF-8_v2_EQeq,0.2,0.04,0.02,0.01,0.0,0.73,2.7430036408,0.1725001399,7.6953718539,0.5252874768,0.0020758794,0.0017746816,0.2657874377,0.0413646488,0.0000000000,0.0000000000,7.7765789344,0.9377176243,18.4828177462,1.6786445714
ZIF-8_v2_EQeq,0.2,0.04,0.02,0.01,0.01,0.72,2.6565982939,0.2869293907,7.8766052615,0.4749355321,0.0020758794,0.0009676447,0.2690914251,0.0374811654,13.7666933255,2.1742556566,7.0053956471,0.4225993729,31.5764598325,3.3971687624
ZIF-8_v2_EQeq,0.2,0.04,0.02,0.01,0.02,0.71,2.5863024184,0.1150912350,8.3709697231,0.5936638654,0.0019836180,0.0011147976,0.2584452433,0.0629633305,29.6391011298,1.6393918852,6.5585837176,0.2617306424,47.4153858502,2.6739557561
ZIF-8_v2_EQeq,0.2,0.04,0.02,0.01,0.03,0.7,2.5452964910,0.2832733233,8.6518815048,0.5674432135,0.0020297487,0.0010680018,0.2632176696,0.0389620864,46.5581270194,5.5718749963,6.3835770364,0.3064890027,64.4041294699,6.7691106240
ZIF-8_v2_EQeq,0.2,0.04,0.02,0.02,0.0,0.72,2.6836914959,0.1998918255,7.5272275259,0.9202299211,0.0020297487,0.0011071357,0.5561712266,0.0773896548,0.0000000000,0.0000000000,7.3797689138,0.4947079717,18.1488889109,1.6933265088
ZIF-8_v2_EQeq,0.2,0.04,0.02,0.02,0.01,0.71,2.5394385014,0.1523781225,7.8383448754,0.8392583210,0.0020758794,0.0009226130,0.5341446434,0.0525364666,14.9396542796,2.7445115867,7.1124510162,0.4231125006,32.9661091954,4.2127196104
ZIF-8_v2_EQeq,0.2,0.04,0.02,0.02,0.02,0.7,2.5511544807,0.1638928986,8.0860305324,0.6516255754,0.0019836180,0.0009498883,0.5216629129,0.0466330506,29.8691699339,5.9973155982,6.7810281072,0.3892731622,47.8110295851,7.2496901733
ZIF-8_v2_EQeq,0.2,0.04,0.02,0.02,0.03,0.69,2.5035583150,0.3541965014,8.4746755063,0.4092628432,0.0017990954,0.0012170102,0.5444237155,0.0208445921,46.4980751620,2.5933302766,6.2784448177,0.3530178641,64.3009766119,3.7318690876
ZIF-8_v2_EQeq,0.1,0.0,0.03,0.03,0.02,0.8200000000000001,1.2704514994,0.0643379563,0.0000000000,0.0000000000,0.0028139698,0.0014411676,0.8025018491,0.1081423238,30.0469858232,7.7580979382,8.0932576908,0.4086864164,40.2160108323,8.3407058023
ZIF-8_v2_EQeq,0.2,0.04,0.02,0.03,0.0,0.71,2.6792980037,0.2641134893,7.5826044004,0.4385717172,0.0018913567,0.0004519862,0.8392128211,0.0909187820,0.0000000000,0.0000000000,7.4579770277,0.4991702098,18.5609836096,1.2932261845
ZIF-8_v2_EQeq,0.2,0.04,0.02,0.03,0.01,0.7,2.6090021282,0.2351236788,8.1534896341,0.5286731868,0.0024910552,0.0007936618,0.8021347394,0.0978745084,14.8562055947,1.1308455888,6.9470600867,0.5777935142,33.3703832383,2.5711041388
ZIF-8_v2_EQeq,0.2,0.04,0.02,0.03,0.02,0.69,2.5614059625,0.1089649057,8.2139007699,0.2761493101,0.0013839196,0.0013684563,0.7867161311,0.0843106457,30.2918726182,2.2991748135,6.6233297791,0.2064778533,48.4786091804,2.9764459846
ZIF-8_v2_EQeq,0.2,0.04,0.02,0.03,0.03,0.6799999999999999,2.4742683669,0.0647367491,8.6750391068,0.3273988800,0.0016145728,0.0008752676,0.7848805825,0.0756495475,46.2297915396,5.0830288554,6.3784486355,0.4686598090,64.5440428041,6.0203491086
ZIF-8_v2_EQeq,0.2,0.04,0.03,0.0,0.0,0.73,2.6807625011,0.2752086393,7.5292412304,0.5805828301,0.0029984924,0.0011670234,0.0000000000,0.0000000000,0.0000000000,0.0000000000,7.3323312053,0.5113249749,17.5453334292,1.3682834677
ZIF-8_v2_EQeq,0.2,0.04,0.03,0.0,0.01,0.72,2.5123452994,0.1308575759,7.6611388770,0.6648702250,0.0023526633,0.0018997765,0.0000000000,0.0000000000,13.9148732333,0.9184174576,6.8938529273,0.6015550876,30.9845630003,2.3176001226
ZIF-8_v2_EQeq,0.2,0.04,0.03,0.0,0.02,0.71,2.5094163046,0.2587066896,8.1665787135,0.1937137704,0.0029523617,0.0009408844,0.0000000000,0.0000000000,27.1395400541,3.1000002854,6.7432061505,0.3015089786,44.5616935844,3.8548706084
ZIF-8_v2_EQeq,0.2,0.04,0.03,0.0,0.03,0.7,2.4083659836,0.1557746176,8.5169633014,0.5174632947,0.0025371859,0.0010916505,0.0000000000,0.0000000000,45.7626348830,1.5905606268,6.2515207129,0.1908822924,62.9420220668,2.4557724820
ZIF-8_v2_EQeq,0.2,0.04,0.03,0.01,0.0,0.72,2.7342166564,0.1616529193,7.6681868428,0.6985958655,0.0027678391,0.0016244279,0.2687243154,0.0180743294,0.0000000000,0.0000000000,7.5054147361,0.4640529852,18.1793103898,1.3440005273
ZIF-8_v2_EQeq,0.2,0.04,0.03,0.01,0.01,0.71,2.5899636619,0.1442808693,7.9128519430,0.7871344075,0.0027217085,0.0011449327,0.2569768044,0.0137359880,14.7236235720,3.4749182369,6.9227001824,0.3774560557,32.4088378722,4.7986704901
ZIF-8_v2_EQeq,0.1,0.0,0.03,0.03,0.03,0.81,1.2697192507,0.0830255083,0.0000000000,0.0000000000,0.0025371859,0.0015711534,0.7859819116,0.0598467667,47.6320414036,5.8772843203,7.5970849025,0.4757507545,57.2873646543,6.4974785032
ZIF-8_v2_EQeq,0.2,0.04,0.03,0.01,0.02,0.7,2.5555479729,0.1446816708,8.4283603022,0.8270027325,0.0028139698,0.0022861450,0.2705598640,0.0381228907,30.4603297765,3.5941487286,6.3874233371,0.6270033795,48.1050352225,5.2332455471
ZIF-8_v2_EQeq,0.2,0.04,0.03,0.01,0.03,0.69,2.4281366986,0.1158157290,8.5230044150,0.5414955942,0.0024910552,0.0007936618,0.2536728169,0.0418182931,46.2500687901,6.3808478857,6.4489641481,0.1571815140,63.9063379239,7.2379526778
ZIF-8_v2_EQeq,0.2,0.04,0.03,0.02,0.0,0.71,2.6090021282,0.2772351998,7.6983924107,0.5096462985,0.0027678391,0.0012029402,0.5176247059,0.0558199957,0.0000000000,0.0000000000,7.1143741665,0.7151384523,17.9421612504,1.5590428865
ZIF-8_v2_EQeq,0.2,0.04,0.03,0.02,0.01,0.7,2.5797121801,0.1706375164,8.1655718612,0.4700609247,0.0028139698,0.0016607035,0.5833373459,0.0677474109,15.4387866005,1.0974572589,6.8509025696,0.3352784024,33.6211245271,2.1428422168
ZIF-8_v2_EQeq,0.2,0.04,0.03,0.02,0.02,0.69,2.5826411749,0.1825988081,8.3749971322,0.3687664284,0.0029984924,0.0016760098,0.5128522796,0.0419598542,30.3378863790,2.6166957252,6.6034572256,0.4252709257,48.4148326837,3.6369677514
ZIF-8_v2_EQeq,0.2,0.04,0.03,0.02,0.03,0.6799999999999999,2.5189355377,0.2749591442,8.7777380378,1.0072267434,0.0029523617,0.0017358861,0.5429552767,0.0337581292,48.0516245108,5.7401352824,6.3239593758,0.2917165441,66.2181651005,7.3495317294
ZIF-8_v2_EQeq,0.2,0.04,0.03,0.03,0.0,0.7,2.6500080555,0.0865665395,7.7547761375,0.8508848853,0.0032291457,0.0010519407,0.7925898866,0.0736565196,0.0000000000,0.0000000000,7.2271989866,0.3602998200,18.4278022119,1.3724597051
ZIF-8_v2_EQeq,0.2,0.04,0.03,0.03,0.01,0.69,2.4530331545,0.0850165656,8.0397153282,0.6099896260,0.0027678391,0.0013684563,0.7918556672,0.0894603531,14.2666055406,2.6150197326,6.8989813282,0.3521600502,32.4529588578,3.7530147838
ZIF-8_v2_EQeq,0.2,0.04,0.03,0.03,0.02,0.6799999999999999,2.5160065429,0.1846312504,8.2823667239,0.4952812620,0.0028139698,0.0010680018,0.8160849087,0.0294237926,29.5119783668,1.3700182799,6.6419202324,0.5589780557,47.7711707445,2.6394006424
ZIF-8_v2_EQeq,0.2,0.04,0.03,0.03,0.03,0.6699999999999999,2.4339946882,0.1655853795,8.4213123363,0.4788384436,0.0026294472,0.0010356306,0.8120467018,0.0890072640,45.6963438716,4.1295016922,6.0720266810,0.2307281762,63.4383537261,5.0946965861
ZIF-8_v2_EQeq,0.1,0.04,0.0,0.0,0.0,0.86,1.2748449916,0.0713557481,7.6138168206,0.5937048468,0.0000000000,0.0000000000,0.0000000000,0.0000000000,0.0000000000,0.0000000000,8.6657154427,0.5578329545,17.5543772549,1.2228935494
ZIF-8_v2_EQeq,0.2,0.08,0.0,0.0,0.0,0.72,2.6873527394,0.2956326615,15.5790250813,1.3939374160,0.0000000000,0.0000000000,0.0000000000,0.0000000000,0.0000000000,0.0000000000,7.4272066222,0.4151788172,25.6935844429,2.1047488947
ZIF-8_v2_EQeq,0.2,0.08,0.0,0.0,0.01,0.71,2.4471751649,0.1210848014,15.8881287263,1.2029925457,0.0000000000,0.0000000000,0.0000000000,0.0000000000,14.8811622107,2.0019470721,6.7617966038,0.2738597300,39.9782627057,3.5998841492
ZIF-8_v2_EQeq,0.2,0.08,0.0,0.0,0.02,0.7,2.4625523876,0.1268799172,16.6070212428,1.0701357127,0.0000000000,0.0000000000,0.0000000000,0.0000000000,30.8463774309,3.6397376449,6.5335827631,0.3962623163,56.4495338244,5.2330155911
ZIF-8_v2_EQeq,0.2,0.08,0.0,0.0,0.03,0.69,2.4508364084,0.1382845423,17.7719493123,0.3938015321,0.0000000000,0.0000000000,0.0000000000,0.0000000000,47.7186096655,3.9758559171,6.2367765603,0.4675431230,74.1781719465,4.9754851145
ZIF-8_v2_EQeq,0.2,0.08,0.0,0.01,0.0,0.71,2.7203039310,0.0421917610,15.2568323568,0.4967609492,0.0000000000,0.0000000000,0.2639518891,0.0324554892,0.0000000000,0.0000000000,7.4566949275,0.6583381805,25.6977831044,1.2297463799
ZIF-8_v2_EQeq,0.2,0.08,0.0,0.01,0.01,0.7,2.5086840559,0.1839912385,16.0784238042,0.8320621262,0.0000000000,0.0000000000,0.2712940835,0.0819699367,15.3607971753,3.1967803528,6.9451369364,0.3544352110,41.1643360553,4.6492388652
ZIF-8_v2_EQeq,0.2,0.08,0.0,0.01,0.02,0.69,2.5006293202,0.1430417432,16.8637685702,1.2903965683,0.0000000000,0.0000000000,0.2628505599,0.0261035405,31.0897044374,5.1436882259,6.3265235763,0.2503019554,57.0434764640,6.8535320333
ZIF-8_v2_EQeq,0.2,0.08,0.0,0.01,0.03,0.6799999999999999,2.4361914343,0.0909404543,17.7216066991,1.0876502650,0.0000000000,0.0000000000,0.2551412558,0.0289062483,46.8069132856,3.7368300807,6.1329264418,0.4875286215,73.3527791166,5.4318556698
ZIF-8_v2_EQeq,0.2,0.08,0.0,0.02,0.0,0.7,2.6756367601,0.2887474927,14.5792207831,0.4099756037,0.0000000000,0.0000000000,0.5458921544,0.0347961149,0.0000000000,0.0000000000,6.9912925446,0.6995663321,24.7920422422,1.4330855434
ZIF-8_v2_EQeq,0.2,0.08,0.0,0.02,0.01,0.69,2.5050228124,0.0924375171,15.3575175832,0.8913594343,0.0000000000,0.0000000000,0.5025732074,0.0348580297,14.1316838352,2.3383565581,6.7874386083,0.5813953463,39.2842360465,3.9384068855
ZIF-8_v2_EQeq,0.1,0.04,0.0,0.0,0.01,0.85,1.3239056547,0.0970996017,8.1162361003,0.9809531723,0.0000000000,0.0000000000,0.0000000000,0.0000000000,14.6908680134,2.6165450972,8.6496891899,0.4792654600,32.7806989583,4.1738633312
ZIF-8_v2_EQeq,0.2,0.08,0.0,0.02,0.02,0.6799999999999999,2.5496899833,0.4317064122,16.4358563580,1.3759570985,0.0000000000,0.0000000000,0.5268024490,0.0259585773,30.3924789766,2.1372119384,6.5893541231,0.2530126619,56.4941818900,4.2238466883
ZIF-8_v2_EQeq,0.2,0.08,0.0,0.02,0.03,0.6699999999999999,2.4654813824,0.1648194075,17.6722709382,1.0759402501,0.0000000000,0.0000000000,0.5205615837,0.0524131896,50.1035262862,8.1741421522,6.0111269201,0.2413142879,76.7729671106,9.7086292873
ZIF-8_v2_EQeq,0.2,0.08,0.0,0.03,0.0,0.69,2.6866204907,0.2041595529,15.4702850368,1.5784155477,0.0000000000,0.0000000000,0.8002991907,0.0645111123,0.0000000000,0.0000000000,6.9598810890,0.3611474032,25.9170858072,2.2082336161
ZIF-8_v2_EQeq,0.2,0.08,0.0,0.03,0.01,0.6799999999999999,2.6119311230,0.2009939326,15.9304165214,1.3594906881,0.0000000000,0.0000000000,0.7881845700,0.0923658562,15.3748352719,3.2247864366,6.5419164146,0.0900213325,41.2472839009,4.9676582460
ZIF-8_v2_EQeq,0.2,0.08,0.0,0.03,0.02,0.6699999999999999,2.4918423357,0.1904184558,16.8647754224,1.2754716099,0.0000000000,0.0000000000,0.7823108144,0.0472645746,29.4339889417,2.6784043973,6.1842104509,0.2194077716,55.7571279651,4.4109668092
ZIF-8_v2_EQeq,0.2,0.08,0.0,0.03,0.03,0.6599999999999999,2.5599414651,0.2487232307,17.4557977014,0.6795648644,0.0000000000,0.0000000000,0.7804752658,0.0820356757,48.1725081198,7.0187408041,6.0233068723,0.3504475043,74.9920294244,8.3795120792
ZIF-8_v2_EQeq,0.2,0.08,0.01,0.0,0.0,0.71,2.6375598276,0.0521081266,15.2175651185,1.0386773063,0.0010148743,0.0014173451,0.0000000000,0.0000000000,0.0000000000,0.0000000000,7.2419431392,0.3163853465,25.0980829596,1.4085881245
ZIF-8_v2_EQeq,0.2,0.08,0.01,0.0,0.01,0.7,2.5086840559,0.1576904000,15.9565946803,1.3155610436,0.0010148743,0.0008555961,0.0000000000,0.0000000000,14.8016129971,3.1995988359,6.8618004216,0.2480590611,40.1297070292,4.9217649367
ZIF-8_v2_EQeq,0.2,0.08,0.01,0.0,0.02,0.69,2.5423674962,0.1904747643,16.9251865583,0.7338012244,0.0011993970,0.0006119923,0.0000000000,0.0000000000,33.1431660013,4.6595626454,6.4425536469,0.2373097910,59.0544730997,5.8217604174
ZIF-8_v2_EQeq,0.2,0.08,0.01,0.0,0.03,0.6799999999999999,2.4215464603,0.1349882162,17.5856816435,1.0045620911,0.0008303517,0.0006257466,0.0000000000,0.0000000000,48.4220742802,3.4430069166,6.2765216674,0.4714643585,74.7066544031,5.0546473290
ZIF-8_v2_EQeq,0.1,0.04,0.0,0.0,0.02,0.84,1.2594677689,0.0847639156,8.2984763601,0.5321897631,0.0000000000,0.0000000000,0.0000000000,0.0000000000,29.3193444867,2.5378741578,7.9791507705,0.3200015326,46.8564393862,3.4748293691
ZIF-8_v2_EQeq,0.2,0.08,0.01,0.01,0.0,0.7,2.5972861489,0.1525188095,15.0393522678,1.0017972583,0.0011532663,0.0007719135,0.2672558765,0.0413124865,0.0000000000,0.0000000000,7.0496281050,0.1499892886,24.9546756645,1.3463897564
ZIF-8_v2_EQeq,0.2,0.08,0.01,0.01,0.01,0.69,2.5401707501,0.1963409895,15.7109227279,1.2428717462,0.0009226130,0.0010106720,0.2687243154,0.0401880362,14.9614913186,1.7732360083,6.7669250047,0.3234197889,40.2491567297,3.5770672411
ZIF-8_v2_EQeq,0.2,0.08,0.01,0.01,0.02,0.6799999999999999,2.5511544807,0.0699901068,16.8043642866,0.5870216381,0.0009687437,0.0012850513,0.2775349487,0.0282841304,31.0148345892,2.7926949234,6.3637044829,0.5569334778,57.0125615318,4.0362093278
ZIF-8_v2_EQeq,0.2,0.08,0.01,0.01,0.03,0.6699999999999999,2.4237432064,0.2252185610,17.5152019850,0.8040558531,0.0006919598,0.0005835117,0.2683572057,0.0359992217,47.8995451318,1.7420931374,6.0181784714,0.4262592827,74.1257179601,3.2342095676
ZIF-8_v2_EQeq,0.2,0.08,0.01,0.02,0.0,0.69,2.5255257761,0.2580758587,14.9235642574,1.4411935732,0.0009687437,0.0008945065,0.5480948127,0.0464709288,0.0000000000,0.0000000000,6.9765483920,0.3418089788,24.9747019819,2.0884438460
ZIF-8_v2_EQeq,0.2,0.08,0.01,0.02,0.01,0.6799999999999999,2.5145420455,0.3571212282,15.7773749773,1.1026388470,0.0011993970,0.0009850812,0.5517659100,0.0381228907,13.2714604759,1.1689530002,6.3867822870,0.3479809920,38.5031250927,3.0158020393
ZIF-8_v2_EQeq,0.2,0.08,0.01,0.02,0.02,0.6699999999999999,2.4998970715,0.2228443468,16.9684812056,1.0935287045,0.0007380904,0.0009408844,0.5220300226,0.0667937952,31.5942960180,2.3992995092,6.1835694008,0.2185369832,57.7690118089,4.0019442233
ZIF-8_v2_EQeq,0.2,0.08,0.01,0.02,0.03,0.6599999999999999,2.4398526778,0.0750474547,17.5564829278,0.9962160812,0.0005996985,0.0006904204,0.5201944740,0.0213555648,48.6100287948,5.8869079677,6.0213837220,0.3340012590,75.1485422949,7.3142187478
ZIF-8_v2_EQeq,0.2,0.08,0.01,0.03,0.0,0.6799999999999999,2.5884991645,0.0872575035,15.3323462766,1.0767878967,0.0010610050,0.0005535678,0.8036031782,0.1090359131,0.0000000000,0.0000000000,6.9957798954,0.5273875303,25.7212895197,1.8010224114
ZIF-8_v2_EQeq,0.2,0.08,0.01,0.03,0.01,0.6699999999999999,2.5328482631,0.1232616233,15.7783818295,0.5675432501,0.0010610050,0.0009039725,0.8043373977,0.0496562547,15.1073315436,0.4439619524,6.5015302574,0.3530225204,40.7254902963,1.5383495734
ZIF-8_v2_EQeq,0.1,0.04,0.0,0.0,0.03,0.83,1.2792384838,0.0665662000,8.4384288248,0.4198175527,0.0000000000,0.0000000000,0.0000000000,0.0000000000,46.3303978980,3.1413164595,7.6605488638,0.2918573816,63.7086140704,3.9195575938
ZIF-8_v2_EQeq,0.2,0.08,0.01,0.03,0.02,0.6599999999999999,2.5592092164,0.0853941392,16.6382336630,1.5008246706,0.0012455276,0.0006904204,0.7801081561,0.0197011750,31.6574674524,2.2563061807,6.2842142687,0.3657829929,57.9204782842,4.2286995788
ZIF-8_v2_EQeq,0.2,0.08,0.01,0.03,0.03,0.6499999999999999,2.4977003254,0.1091419087,17.1638105448,0.9489356912,0.0007842211,0.0010356306,0.8061729463,0.0833719026,49.4257981817,3.4756589094,5.7970161820,0.1120353144,75.6912824013,4.7301793569
ZIF-8_v2_EQeq,0.2,0.08,0.02,0.0,0.0,0.7,2.7173749362,0.0835405598,15.9052452148,0.6672202639,0.0015223115,0.0006904204,0.0000000000,0.0000000000,0.0000000000,0.0000000000,7.2130958841,0.4113644106,25.8372383466,1.1628156547
ZIF-8_v2_EQeq,0.2,0.08,0.02,0.0,0.01,0.69,2.4984325741,0.2158631421,16.0411702705,0.9530716959,0.0013839196,0.0012717343,0.0000000000,0.0000000000,14.2767441659,0.9508750120,6.5310185627,0.3917985860,39.3487494928,2.5128801703
ZIF-8_v2_EQeq,0.2,0.08,0.02,0.0,0.02,0.6799999999999999,2.4588911441,0.2576683199,16.8557137521,1.5723976702,0.0019374874,0.0011147976,0.0000000000,0.0000000000,32.7711564433,3.1714033181,6.3662686833,0.4678770033,58.4539675102,5.4704611091
ZIF-8_v2_EQeq,0.2,0.08,0.02,0.0,0.03,0.6699999999999999,2.3768792894,0.1924797581,17.5766199731,0.9867480950,0.0023526633,0.0006779794,0.0000000000,0.0000000000,46.0956497283,2.6697410366,6.0399741753,0.4344712124,72.0914758294,4.2841180815
ZIF-8_v2_EQeq,0.2,0.08,0.02,0.01,0.0,0.69,2.7210361797,0.1824695595,14.9729000183,1.2752077072,0.0016145728,0.0007719135,0.2749651807,0.0451052223,0.0000000000,0.0000000000,6.8675698726,0.4428092815,24.8380858241,1.9463636840
ZIF-8_v2_EQeq,0.2,0.08,0.02,0.01,0.01,0.6799999999999999,2.5057550611,0.2243885319,15.9263891124,1.5797970843,0.0021681407,0.0018126470,0.2463306225,0.0668663928,14.9482331164,1.7980552877,6.3925517380,0.3419291843,40.0214277911,4.0128491280
ZIF-8_v2_EQeq,0.2,0.08,0.02,0.01,0.02,0.6699999999999999,2.4742683669,0.1970497450,16.7560353779,0.5290565556,0.0017990954,0.0005379712,0.2544070363,0.0543322386,30.9914377617,3.7634907207,6.3297288268,0.3636376196,56.8076764650,4.9081048507
ZIF-8_v2_EQeq,0.2,0.08,0.02,0.01,0.03,0.6599999999999999,2.4288689473,0.2263868577,17.0701732843,0.8327928215,0.0012916583,0.0009498883,0.2463306225,0.0445036320,44.3619448075,3.9631755039,6.1098486377,0.3326895693,70.2184579576,5.4004982727
ZIF-8_v2_EQeq,0.1,0.04,0.0,0.01,0.0,0.85,1.2514130331,0.0353911790,7.5574330938,0.4481748136,0.0000000000,0.0000000000,0.2687243154,0.0641591852,0.0000000000,0.0000000000,8.6887932468,0.7622773243,17.7663636891,1.3100025021
ZIF-8_v2_EQeq,0.2,0.08,0.02,0.02,0.0,0.6799999999999999,2.7635066045,0.1602537620,15.5749976722,1.1352793945,0.0024910552,0.0018997765,0.5444237155,0.0542826065,0.0000000000,0.0000000000,7.0053956471,0.2477009678,25.8908146945,1.5994165073
ZIF-8_v2_EQeq,0.2,0.08,0.02,0.02,0.01,0.6699999999999999,2.5687284495,0.2087923427,15.5679497064,1.4140823358,0.0015684422,0.0007380904,0.5290051073,0.0432753697,14.2822034257,1.6641898073,6.3790896856,0.2429030157,39.3285448167,3.5739809616
ZIF-8_v2_EQeq,0.2,0.08,0.02,0.02,0.02,0.6599999999999999,2.5716574443,0.0852181464,16.1740747693,0.5554102275,0.0022604020,0.0012514932,0.5264353392,0.0630916265,29.4316492589,3.6302300607,6.2207503074,0.5546976670,54.9268275211,4.8898992213
ZIF-8_v2_EQeq,0.2,0.08,0.02,0.02,0.03,0.6499999999999999,2.4310656934,0.0738083446,17.4940580874,1.3631307221,0.0017068341,0.0003690452,0.5091811824,0.0238593077,48.2005843128,6.3079713834,5.8797116467,0.2659423266,74.5163077568,8.0350811296
ZIF-8_v2_EQeq,0.2,0.08,0.02,0.03,0.0,0.6699999999999999,2.5965539002,0.2433622808,15.5045180137,0.4260972135,0.0020297487,0.0017842487,0.8395799308,0.0860196908,0.0000000000,0.0000000000,6.6675622370,0.3793457044,25.6102438304,1.1366091382
ZIF-8_v2_EQeq,0.2,0.08,0.02,0.03,0.01,0.6599999999999999,2.4501041597,0.2167950867,15.5216345022,0.8831741674,0.0018913567,0.0009850812,0.7657908770,0.1460598514,15.7725813401,0.4872785274,6.4143474419,0.2945595628,40.9263496776,2.0288522769
ZIF-8_v2_EQeq,0.2,0.08,0.02,0.03,0.02,0.6499999999999999,2.5687284495,0.1133070579,17.0862829205,1.3204897191,0.0017990954,0.0014113266,0.7742344006,0.0573161624,30.6771403784,2.4317297856,6.1175412391,0.2467035369,57.2257264835,4.1709575885
ZIF-8_v2_EQeq,0.2,0.08,0.02,0.03,0.03,0.6399999999999999,2.4566943980,0.1609615234,17.2000572264,0.6707661571,0.0014761809,0.0006257466,0.7819437047,0.0462033508,44.0921013965,4.5034241096,5.9297135556,0.2098105218,70.4619864621,5.5917914093
ZIF-8_v2_EQeq,0.2,0.08,0.03,0.0,0.0,0.69,2.6463468120,0.2957922238,15.1611813917,1.3527628781,0.0031830150,0.0008945065,0.0000000000,0.0000000000,0.0000000000,0.0000000000,6.9502653373,0.3724848704,24.7609765560,2.0219344788
ZIF-8_v2_EQeq,0.2,0.08,0.03,0.0,0.01,0.6799999999999999,2.5811766775,0.1558847252,15.9112863284,1.2857089468,0.0033675376,0.0006904204,0.0000000000,0.0000000000,14.9692902612,1.7312486013,6.7367956493,0.3356165206,40.2019164540,3.5091492143
ZIF-8_v2_EQeq,0.1,0.04,0.0,0.01,0.01,0.84,1.2865609709,0.1293906457,8.2541748605,0.5364774931,0.0000000000,0.0000000000,0.2610150113,0.0490005535,15.1751823435,0.8420922399,8.3195483811,0.5823134949,33.2964815673,2.1392744271
ZIF-8_v2_EQeq,0.2,0.08,0.03,0.0,0.02,0.6699999999999999,2.5745864392,0.1398115720,17.4245852812,0.7446732709,0.0027678391,0.0014876688,0.0000000000,0.0000000000,31.0413509938,4.5846708268,6.4053727403,0.3311344969,57.4486632936,5.8017778354
ZIF-8_v2_EQeq,0.2,0.08,0.03,0.0,0.03,0.6599999999999999,2.4376559317,0.2228443468,17.4326400993,1.2461788955,0.0021681407,0.0007495344,0.0000000000,0.0000000000,47.6234625668,5.6415145941,5.9822796650,0.4993710441,73.4782064035,7.6106584149
ZIF-8_v2_EQeq,0.2,0.08,0.03,0.01,0.0,0.6799999999999999,2.6609917861,0.1351311366,15.1984349255,2.1046343444,0.0023065326,0.0015438269,0.2742309612,0.0381228907,0.0000000000,0.0000000000,6.8541078202,0.5417779962,24.9900720256,2.8212101948
ZIF-8_v2_EQeq,0.2,0.08,0.03,0.01,0.01,0.6699999999999999,2.5928926567,0.2385557940,15.8116079543,0.8236125372,0.0028139698,0.0012514932,0.2573439141,0.0299503941,14.6518733008,1.1354960337,6.5290954123,0.4340813466,39.8456272080,2.6629475988
ZIF-8_v2_EQeq,0.2,0.08,0.03,0.01,0.02,0.6599999999999999,2.5145420455,0.2651266177,16.5224456527,0.8837157865,0.0023987939,0.0013869915,0.2749651807,0.0193421887,29.6352016585,5.2123464323,6.0604877789,0.3304089451,55.0100411102,6.7123269618
ZIF-8_v2_EQeq,0.2,0.08,0.03,0.01,0.03,0.6499999999999999,2.3695568024,0.1761297884,17.1789133288,0.5452121279,0.0021681407,0.0014761809,0.2602807919,0.0125892409,47.3653175696,4.7759684764,5.9015073506,0.0842096860,73.0777439840,5.5955855005
ZIF-8_v2_EQeq,0.2,0.08,0.03,0.02,0.0,0.6699999999999999,2.5789799314,0.1143433958,15.5659360018,1.5969959228,0.0027678391,0.0008252102,0.5370815211,0.0840224253,0.0000000000,0.0000000000,6.8015417108,0.5612466054,25.4863070042,2.3574335595
ZIF-8_v2_EQeq,0.2,0.08,0.03,0.02,0.01,0.6599999999999999,2.5247935274,0.2121045299,15.9284028169,0.8276056132,0.0022142713,0.0006257466,0.4978007810,0.0437091878,14.3913886209,3.0362940912,6.1124128382,0.4162385337,39.4570128557,4.5365777024
ZIF-8_v2_EQeq,0.2,0.08,0.03,0.02,0.02,0.6499999999999999,2.5101485533,0.1985244940,16.6744803445,0.9392242593,0.0023526633,0.0013496665,0.5113838407,0.0366080370,30.5960313762,4.3539154074,6.0560004281,0.3233994583,56.3503972061,5.8530213225
ZIF-8_v2_EQeq,0.2,0.08,0.03,0.02,0.03,0.6399999999999999,2.4574266467,0.2485938513,17.5152019850,1.0569052477,0.0019836180,0.0017161595,0.5047758657,0.0462033508,46.6548339066,4.5090882296,5.9021484007,0.2331026053,73.0363704227,6.0956094442
ZIF-8_v2_EQeq,0.1,0.0,0.0,0.01,0.03,0.86,1.2741127429,0.1258104708,0.0000000000,0.0000000000,0.0000000000,0.0000000000,0.2628505599,0.0382499438,43.9267638152,3.9253260745,7.9656887181,0.5816327913,53.4294158361,4.6710192804
ZIF-8_v2_EQeq,0.1,0.04,0.0,0.01,0.02,0.83,1.3085284320,0.1585855277,8.0165577262,0.5883533257,0.0000000000,0.0000000000,0.2804718265,0.0473784927,28.4474227136,3.6115332349,7.8176061417,0.4623922513,45.8705868400,4.8682428323
ZIF-8_v2_EQeq,0.2,0.08,0.03,0.03,0.0,0.6599999999999999,2.7334844077,0.1157416306,15.1269484147,1.3187135821,0.0029523617,0.0012170102,0.8105782629,0.0632281886,0.0000000000,0.0000000000,6.5649942187,0.4403113736,25.2389576657,1.9392117851
ZIF-8_v2_EQeq,0.2,0.08,0.03,0.03,0.01,0.6499999999999999,2.5416352475,0.3260735621,16.0743963952,1.1961642200,0.0037365828,0.0023594374,0.7936912158,0.1271196592,14.5153918068,1.3252108523,6.1643378974,0.2900324959,40.0931891455,3.2669602269
ZIF-8_v2_EQeq,0.2,0.08,0.03,0.03,0.02,0.6399999999999999,2.4259399525,0.2858434834,16.4549865510,0.7381428902,0.0026755778,0.0019042519,0.8072742754,0.0755711209,30.9048694998,2.8903920516,5.9566376604,0.5753988121,56.5523835169,4.5672526101
ZIF-8_v2_EQeq,0.2,0.08,0.03,0.03,0.03,0.6299999999999999,2.4647491337,0.1508076825,17.3883385997,1.6496775828,0.0026755778,0.0013559587,0.7525749271,0.0597385772,46.1720793650,7.1678308445,5.6239326512,0.4382195324,72.4043502545,9.4676301781
ZIF-8_v2_EQeq,0.2,0.12,0.0,0.0,0.0,0.6799999999999999,2.5343127605,0.1708761616,22.3108393185,2.3492812914,0.0000000000,0.0000000000,0.0000000000,0.0000000000,0.0000000000,0.0000000000,6.7585913532,0.3614203931,31.6037434322,2.8815778461
ZIF-8_v2_EQeq,0.2,0.12,0.0,0.0,0.01,0.6699999999999999,2.5423674962,0.0651001631,23.8342067940,2.2625527423,0.0000000000,0.0000000000,0.0000000000,0.0000000000,15.4637432165,1.3657781037,6.2951121207,0.4080625134,48.1354296274,4.1014935225
ZIF-8_v2_EQeq,0.2,0.12,0.0,0.0,0.02,0.6599999999999999,2.5072195585,0.0939335531,25.1038474990,1.5745006202,0.0000000000,0.0000000000,0.0000000000,0.0000000000,30.5656155004,2.5593871767,6.1053612869,0.2071851754,64.2820438448,4.4350065254
ZIF-8_v2_EQeq,0.2,0.12,0.0,0.0,0.03,0.65,2.4361914343,0.3340402692,25.7341370162,1.5935822010,0.0000000000,0.0000000000,0.0000000000,0.0000000000,47.4308286867,3.7259184834,5.7816309793,0.2724395108,81.3827881165,5.9259804644
ZIF-8_v2_EQeq,0.2,0.12,0.0,0.01,0.0,0.6699999999999999,2.5679962008,0.1726368525,22.9290466087,1.6679333607,0.0000000000,0.0000000000,0.2749651807,0.0306619040,0.0000000000,0.0000000000,6.5867899226,0.3879703929,32.3587979128,2.2592025101
ZIF-8_v2_EQeq,0.2,0.12,0.0,0.01,0.01,0.6599999999999999,2.4779296104,0.1157230986,23.9791935200,1.8700843647,0.0000000000,0.0000000000,0.2690914251,0.0211016251,15.2219759986,1.1900951181,6.2970352710,0.3690489373,48.2452258251,3.5660531438
ZIF-8_v2_EQeq,0.1,0.04,0.0,0.01,0.03,0.82,1.3034026910,0.0626490012,8.6226827891,1.3418194369,0.0000000000,0.0000000000,0.2632176696,0.0340918256,45.5536232236,3.9421166536,7.4541307270,0.3535575902,63.1970571003,5.7342345075
ZIF-8_v2_EQeq,0.2,0.12,0.0,0.01,0.02,0.6499999999999999,2.4325301908,0.1486735377,24.5168526290,1.5144744970,0.0000000000,0.0000000000,0.2819402654,0.0292400069,31.0592885615,4.1182552068,6.0303584235,0.2450321298,64.3209700702,6.0556753782
ZIF-8_v2_EQeq,0.2,0.12,0.0,0.01,0.03,0.64,2.4317979421,0.1749078381,26.2637413071,1.1057236711,0.0000000000,0.0000000000,0.2547741460,0.0301298468,50.1222437482,5.3395654567,5.7316290704,0.0863301977,84.8041862138,6.7366570104
ZIF-8_v2_EQeq,0.2,0.12,0.0,0.02,0.0,0.6599999999999999,2.5570124703,0.3006181926,22.6672650200,1.5766367727,0.0000000000,0.0000000000,0.5165233768,0.0784138113,0.0000000000,0.0000000000,6.5201207107,0.3339717288,32.2609215778,2.2896405054
ZIF-8_v2_EQeq,0.2,0.12,0.0,0.02,0.01,0.6499999999999999,2.6617240348,0.1789445643,24.1131048712,1.1948651416,0.0000000000,0.0000000000,0.5275366684,0.0182228473,16.2342787369,1.8102647592,6.2803679681,0.3281675726,49.8170122794,3.5304648850
ZIF-8_v2_EQeq,0.2,0.12,0.0,0.02,0.02,0.6399999999999999,2.5101485533,0.1368815516,25.3706633489,2.0826670327,0.0000000000,0.0000000000,0.5179918157,0.0294054657,32.1371024170,4.2250136028,5.8431717902,0.2749798643,66.3790779251,6.7489475171
ZIF-8_v2_EQeq,0.2,0.12,0.0,0.02,0.03,0.63,2.4083659836,0.1934245725,25.7190342323,2.0275254814,0.0000000000,0.0000000000,0.5040416463,0.0477299112,47.7388869160,8.4160218230,5.5296982844,0.3236230250,81.9000270626,11.0083248131
ZIF-8_v2_EQeq,0.2,0.12,0.0,0.03,0.0,0.65,2.6207181074,0.1255032409,23.1475335500,1.8937924890,0.0000000000,0.0000000000,0.7760699492,0.0783725518,0.0000000000,0.0000000000,6.4258863440,0.1746388061,32.9702079506,2.2723070878
ZIF-8_v2_EQeq,0.2,0.12,0.0,0.03,0.01,0.64,2.4069014862,0.1769316526,22.8384299049,0.7864695696,0.0000000000,0.0000000000,0.7602842312,0.0236094652,15.1580246700,0.9478510166,5.9457398085,0.4223931690,47.1093801008,2.3572548730
ZIF-8_v2_EQeq,0.2,0.12,0.0,0.03,0.02,0.63,2.4376559317,0.2643164256,24.9256346482,1.6586179007,0.0000000000,0.0000000000,0.8153506893,0.0916569390,33.9246200411,3.8774422199,5.8091961342,0.3224067850,67.9124574445,6.2144402702
ZIF-8_v2_EQeq,0.2,0.12,0.0,0.03,0.03,0.62,2.4178852167,0.1349087506,25.5096089614,2.0507324097,0.0000000000,0.0000000000,0.7870832408,0.0575508157,47.0564794460,3.1394733904,5.4931584279,0.2654721575,81.2642152928,5.6481375239
ZIF-8_v2_EQeq,0.1,0.04,0.0,0.02,0.0,0.84,1.3187799138,0.1492350881,7.6349607181,0.3972973203,0.0000000000,0.0000000000,0.5484619225,0.0788525701,0.0000000000,0.0000000000,8.3958333447,0.3462050477,17.8980358991,.9715900262
ZIF-8_v2_EQeq,0.2,0.12,0.01,0.0,0.0,0.6699999999999999,2.5665317034,0.1918994607,23.6086718869,1.1600161622,0.0005996985,0.0006257466,0.0000000000,0.0000000000,0.0000000000,0.0000000000,6.6252529295,0.5286079184,32.8010562183,1.8811492879
ZIF-8_v2_EQeq,0.2,0.12,0.01,0.0,0.01,0.6599999999999999,2.5101485533,0.2739667202,23.0518825849,1.7721629552,0.0005996985,0.0008043154,0.0000000000,0.0000000000,14.7548193420,2.3525851044,6.1425421935,0.4376189537,46.4599923722,4.8371380489
ZIF-8_v2_EQeq,0.2,0.12,0.01,0.0,0.02,0.6499999999999999,2.4523009058,0.2190096991,24.4554346409,0.4803181312,0.0006919598,0.0006523859,0.0000000000,0.0000000000,31.5802579215,2.9720483712,5.9104820522,0.2917728873,64.3991674802,3.9638014747
ZIF-8_v2_EQeq,0.2,0.12,0.01,0.0,0.03,0.64,2.3871307712,0.2316499759,25.8046166747,1.5506492460,0.0007380904,0.0008945065,0.0000000000,0.0000000000,46.7710381500,6.7451744047,5.6329073528,0.4203372980,80.5964310391,8.9487054311
ZIF-8_v2_EQeq,0.2,0.12,0.01,0.01,0.0,0.6599999999999999,2.6617240348,0.2063330805,23.2623147081,0.7486378224,0.0009226130,0.0009226130,0.2683572057,0.0390173910,0.0000000000,0.0000000000,6.4643493508,0.4915880585,32.6576679124,1.4864989654
ZIF-8_v2_EQeq,0.2,0.12,0.01,0.01,0.01,0.6499999999999999,2.4764651130,0.1566806907,23.7657408401,1.6775911251,0.0011071357,0.0007936618,0.2672558765,0.0208445921,14.2213716741,1.8603641349,6.2169040068,0.4477743077,46.9488446462,4.1640485123
ZIF-8_v2_EQeq,0.2,0.12,0.01,0.01,0.02,0.6399999999999999,2.4347269369,0.2956326615,25.2105738389,2.4763768357,0.0007842211,0.0009039725,0.2569768044,0.0694604188,31.4398769562,2.7075547290,5.7982982822,0.5002655860,65.1412370397,6.0501942035
ZIF-8_v2_EQeq,0.2,0.12,0.01,0.01,0.03,0.63,2.4977003254,0.1340155166,25.4622869049,1.0495902439,0.0009226130,0.0004126051,0.2422924155,0.0222699783,48.3815197791,2.2427751898,5.5598276398,0.3194617143,82.1445496777,3.7685252480
ZIF-8_v2_EQeq,0.2,0.12,0.01,0.02,0.0,0.6499999999999999,2.6434178172,0.0742429412,22.4266273289,1.3077828832,0.0011532663,0.0005835117,0.5513988002,0.0560416766,0.0000000000,0.0000000000,6.5220438611,0.9169607364,32.1446410737,2.3556117491
ZIF-8_v2_EQeq,0.2,0.12,0.01,0.02,0.01,0.6399999999999999,2.4940390818,0.1514463101,23.6751241363,1.9264049402,0.0010148743,0.0002259931,0.5242326809,0.0569008224,15.1595844585,2.4596959659,6.0604877789,0.2478933414,47.9144830107,4.8425673731
ZIF-8_v2_EQeq,0.1,0.04,0.0,0.02,0.01,0.83,1.3129219242,0.0757585513,8.1424142592,0.2410228514,0.0000000000,0.0000000000,0.5451579350,0.0450813128,15.1853209688,2.5350205614,8.2586486202,0.6822363604,33.4444637074,3.5791196373
ZIF-8_v2_EQeq,0.2,0.12,0.01,0.02,0.02,0.6299999999999999,2.4867165948,0.1613208873,25.1572106689,1.4294096880,0.0006458291,0.0005379712,0.5308406559,0.0641507824,31.8282642934,2.1072702263,5.9066357515,0.4014304748,65.9103137936,4.1641200300
ZIF-8_v2_EQeq,0.2,0.12,0.01,0.02,0.03,0.62,2.3409991029,0.2157140550,25.8730826287,1.0389934830,0.0006458291,0.0006779794,0.5033074268,0.0420753226,48.2933917287,4.3290962568,5.6444462548,0.4870124842,82.6558729710,6.1135695810
ZIF-8_v2_EQeq,0.2,0.12,0.01,0.03,0.0,0.64,2.6624562835,0.0837968984,22.9582453243,2.5728383362,0.0009226130,0.0007719135,0.7768041686,0.0614906042,0.0000000000,0.0000000000,6.3278056765,0.2814027464,32.7262340659,3.0003004987
ZIF-8_v2_EQeq,0.2,0.12,0.01,0.03,0.01,0.63,2.5167387916,0.1657277963,23.8080286352,1.4082462208,0.0010610050,0.0009039725,0.7859819116,0.0511008292,15.0262225415,1.8180912452,5.9630481616,0.4592818742,48.1010810465,3.9033519382
ZIF-8_v2_EQeq,0.2,0.12,0.01,0.03,0.02,0.62,2.4383881804,0.0641710612,25.3464988946,1.4230837220,0.0012455276,0.0008555961,0.7676264256,0.0346252782,30.1187360944,1.3641632384,5.8021445829,0.2511869617,64.4746397055,3.1380858576
ZIF-8_v2_EQeq,0.2,0.12,0.01,0.03,0.03,0.61,2.3644310614,0.1453767266,26.1056655017,0.6061417878,0.0008303517,0.0006904204,0.7522078174,0.0524543141,49.9194712429,4.8829268143,5.2957149928,0.0990126752,84.4383209679,5.7866027384
ZIF-8_v2_EQeq,0.2,0.12,0.02,0.0,0.0,0.6599999999999999,2.6580627913,0.2073182171,23.5170483309,1.5143754263,0.0020297487,0.0011449327,0.0000000000,0.0000000000,0.0000000000,0.0000000000,6.4630672506,0.3069177638,32.6402081215,2.0297563399
ZIF-8_v2_EQeq,0.2,0.12,0.02,0.0,0.01,0.6499999999999999,2.5123452994,0.2864356261,23.7556723174,1.2321239137,0.0016145728,0.0015438269,0.0000000000,0.0000000000,14.5715441929,2.5822598983,6.1444653439,0.5222571977,46.9856417264,4.6246204627
ZIF-8_v2_EQeq,0.2,0.12,0.02,0.0,0.02,0.6399999999999999,2.4852520974,0.1231745926,25.3001836904,2.7285555172,0.0017068341,0.0014761809,0.0000000000,0.0000000000,32.7056453262,4.0159068568,5.9842028153,0.3873555592,66.4769907634,7.2564687067
ZIF-8_v2_EQeq,0.2,0.12,0.02,0.0,0.03,0.63,2.3512505848,0.0689092328,25.7583014706,1.0308043136,0.0016145728,0.0011299656,0.0000000000,0.0000000000,49.1723325500,4.8348210464,5.5867517446,0.4037496270,82.8702509228,6.3394141854
ZIF-8_v2_EQeq,0.1,0.04,0.0,0.02,0.02,0.8200000000000001,1.2433582974,0.0859698647,8.3377435984,0.5775998248,0.0000000000,0.0000000000,0.5367144114,0.0745368352,30.0750620163,4.0238933932,7.9317130620,0.5413530627,48.1245913855,5.3033529806
ZIF-8_v2_EQeq,0.2,0.12,0.02,0.01,0.0,0.6499999999999999,2.5943571541,0.2866302410,23.6157198527,1.7329679567,0.0015223115,0.0004704422,0.2870798015,0.0469326483,0.0000000000,0.0000000000,6.4246042437,0.5272160764,32.9232833635,2.5942173646
ZIF-8_v2_EQeq,0.2,0.12,0.02,0.01,0.01,0.6399999999999999,2.4405849265,0.1355431710,24.1151185757,1.1677993248,0.0017068341,0.0011887038,0.2727625224,0.0624992844,15.3990119937,1.5082356357,6.0188195215,0.3571840116,48.2480043739,3.2324501313
ZIF-8_v2_EQeq,0.2,0.12,0.02,0.01,0.02,0.6299999999999999,2.4339946882,0.1835243734,25.5700200972,1.1605194261,0.0015684422,0.0009850812,0.2712940835,0.0536733997,31.9257510748,3.0569920774,5.8591980431,0.3414577368,66.0618264290,4.7971520946
ZIF-8_v2_EQeq,0.2,0.12,0.02,0.01,0.03,0.62,2.3578408231,0.1203207397,25.5740475063,1.8707087466,0.0017529648,0.0009498883,0.2415581961,0.0343281942,46.0215597744,3.5818701431,5.6290610521,0.2265148560,79.8258203168,5.8346925679
ZIF-8_v2_EQeq,0.2,0.12,0.02,0.02,0.0,0.6399999999999999,2.6346308328,0.1750426702,22.9693206992,2.2027994738,0.0019374874,0.0011147976,0.5378157406,0.0859068122,0.0000000000,0.0000000000,6.0489488769,0.6508903525,32.1926536369,3.1157541063
ZIF-8_v2_EQeq,0.2,0.12,0.02,0.02,0.01,0.6299999999999999,2.6199858587,0.1503946856,24.4695305726,1.6883036148,0.0018452261,0.0017260510,0.5161562671,0.0540237846,14.8234500361,2.8193219257,6.1316443416,0.4420178832,48.5626123022,5.1557879449
ZIF-8_v2_EQeq,0.2,0.12,0.02,0.02,0.02,0.6199999999999999,2.4793941078,0.2466015342,24.8128671947,1.9658996079,0.0018452261,0.0012029402,0.5414868378,0.0533004883,30.9711605111,3.2269027290,5.9098410021,0.2443872719,64.7165948796,5.7382945715
ZIF-8_v2_EQeq,0.2,0.12,0.02,0.02,0.03,0.61,2.4369236830,0.2255801441,24.9044907507,1.8516119898,0.0021681407,0.0013869915,0.4860532700,0.0279003388,46.8474677867,3.9805863711,5.3405885008,0.4136914485,80.0176921319,6.5007572838
ZIF-8_v2_EQeq,0.2,0.12,0.02,0.03,0.0,0.63,2.5709251956,0.1005503058,22.5706072027,0.7768202893,0.0019836180,0.0017890131,0.7690948645,0.0785649110,0.0000000000,0.0000000000,6.1842104509,0.1470563932,32.0968213317,1.1047809124
ZIF-8_v2_EQeq,0.2,0.12,0.02,0.03,0.01,0.62,2.5013615689,0.1071587873,23.9026727480,1.2828894166,0.0020297487,0.0012170102,0.7870832408,0.0581564833,14.9622712129,1.4134386521,5.9547145101,0.2172545224,48.1101330294,3.0801148719
ZIF-8_v2_EQeq,0.1,0.04,0.0,0.02,0.03,0.81,1.2499485357,0.1104312618,8.5189770059,0.4416582447,0.0000000000,0.0000000000,0.5135864990,0.0502497983,45.6690475728,2.8773494230,7.4451560254,0.3807729755,63.3967156388,3.8604617033
ZIF-8_v2_EQeq,0.2,0.12,0.02,0.03,0.02,0.61,2.4830553513,0.2739588916,25.4290607802,1.3410334814,0.0016607035,0.0006119923,0.7823108144,0.0614467544,31.2542621244,5.0735223151,5.6502157059,0.1264283449,65.6005654797,6.8770017797
ZIF-8_v2_EQeq,0.2,0.12,0.02,0.03,0.03,0.6,2.3790760355,0.1367090875,25.5659926881,0.9245206754,0.0020297487,0.0015271963,0.7654237673,0.0646780236,46.8271905361,3.7128949442,5.2053269267,0.2610262865,80.7450397024,5.1013562135
ZIF-8_v2_EQeq,0.2,0.12,0.03,0.0,0.0,0.65,2.5775154340,0.0431964675,22.7367378262,0.6058741342,0.0025833165,0.0019873693,0.0000000000,0.0000000000,0.0000000000,0.0000000000,6.4149884920,0.5978437626,31.7318250687,1.2489017336
ZIF-8_v2_EQeq,0.2,0.12,0.03,0.0,0.01,0.64,2.5672639521,0.1171048609,24.4584551977,0.8263945051,0.0035520602,0.0016400728,0.0000000000,0.0000000000,15.5128765544,1.7634193730,6.1963904031,0.1799239365,48.7385381675,2.8884827483
ZIF-8_v2_EQeq,0.2,0.12,0.03,0.0,0.02,0.63,2.4962358280,0.2218798151,24.7423875362,1.7588922342,0.0023065326,0.0023881247,0.0000000000,0.0000000000,34.1398708545,1.2105104448,5.7322701205,0.2048393363,67.1130708718,3.3985099551
ZIF-8_v2_EQeq,0.2,0.12,0.03,0.0,0.03,0.62,2.4142239732,0.0961004938,25.9949117526,1.0290325688,0.0026755778,0.0012916583,0.0000000000,0.0000000000,48.8260595024,5.0890198104,5.5707254917,0.2554888321,82.8085962977,6.4709333634
ZIF-8_v2_EQeq,0.2,0.12,0.03,0.01,0.0,0.64,2.5738541905,0.1658830206,23.1122937207,1.5953827503,0.0028139698,0.0014704032,0.2643189988,0.0506025829,0.0000000000,0.0000000000,6.5130691595,0.7171170646,32.4663500393,2.5304558216
ZIF-8_v2_EQeq,0.2,0.12,0.03,0.01,0.01,0.63,2.5094163046,0.1857430783,23.5482607510,1.6407626929,0.0032752763,0.0014704032,0.2500017197,0.0310115380,15.2087177963,2.5365748507,6.0566414782,0.5112285234,47.5763133261,4.9067910865
ZIF-8_v2_EQeq,0.2,0.12,0.03,0.01,0.02,0.62,2.4706071234,0.1058498363,25.1008269422,0.3055261632,0.0028139698,0.0019873693,0.2654203279,0.0415726433,31.0756663408,2.9198365878,5.6489336056,0.2989686194,64.5642683097,3.6737412193
ZIF-8_v2_EQeq,0.2,0.12,0.03,0.01,0.03,0.61,2.3761470407,0.1185248070,25.8297879813,1.1778605170,0.0023987939,0.0006904204,0.2463306225,0.0398377482,48.8081219346,7.7341851425,5.4675164233,0.3656211778,82.7303027963,9.4367198129
ZIF-8_v2_EQeq,0.1,0.04,0.0,0.03,0.0,0.83,1.3085284320,0.0722815153,7.6883238881,0.4742861992,0.0000000000,0.0000000000,0.8116795921,0.0688915406,0.0000000000,0.0000000000,8.4701951579,0.8281573566,18.2787270701,1.4436166117
ZIF-8_v2_EQeq,0.2,0.12,0.03,0.02,0.0,0.63,2.5269902735,0.1679645093,22.7085459628,1.7551650128,0.0027678391,0.0012029402,0.5179918157,0.1046977357,0.0000000000,0.0000000000,6.1149770386,0.3328871461,31.8712729297,2.3619173441
ZIF-8_v2_EQeq,0.2,0.12,0.03,0.02,0.01,0.62,2.5006293202,0.2308616542,24.0506800308,2.5454897956,0.0031830150,0.0007936618,0.5216629129,0.0553544977,15.1065516494,3.5637429744,5.9450987584,0.1688969372,48.1278056867,6.5651395209
ZIF-8_v2_EQeq,0.2,0.12,0.03,0.02,0.02,0.61,2.4054369888,0.2839010473,24.8249494218,1.2932530357,0.0023526633,0.0018772398,0.5201944740,0.0557039859,30.2318207608,3.9300771103,5.7034228653,0.4088593304,63.6881771740,5.9736717494
ZIF-8_v2_EQeq,0.2,0.12,0.03,0.02,0.03,0.6,2.4032402427,0.2083295818,26.2919331705,1.2224795353,0.0026755778,0.0014761809,0.5348788628,0.0601253551,49.0686066146,2.9294289828,5.3226390976,0.1702636827,83.6239735660,4.5921033186
ZIF-8_v2_EQeq,0.2,0.12,0.03,0.03,0.0,0.62,2.6500080555,0.2342921240,22.5373810780,1.2883208823,0.0029062311,0.0006904204,0.8296679684,0.1005907430,0.0000000000,0.0000000000,6.1874157015,0.3744215618,32.2073790345,1.9983157315
ZIF-8_v2_EQeq,0.2,0.12,0.03,0.03,0.01,0.61,2.4530331545,0.2800600015,23.5039592514,2.6655272281,0.0027678391,0.0013047719,0.7771712784,0.1174200312,14.4023071404,1.8944438856,5.8015035328,0.4552990460,46.9407421966,5.4140549643
ZIF-8_v2_EQeq,0.2,0.12,0.03,0.03,0.02,0.6,2.4925745844,0.2159028812,25.0545117380,1.0200044561,0.0026755778,0.0018126470,0.8036031782,0.1028798383,30.7348525530,3.0233248213,5.4014882616,0.2011059114,64.4897058930,4.5650305553
ZIF-8_v2_EQeq,0.2,0.12,0.03,0.03,0.03,0.59,2.4457106675,0.1072188146,25.6566093919,0.7547390360,0.0018452261,0.0014876688,0.7606513409,0.0575133355,47.2498932204,6.5751089286,5.2175068788,0.3488961992,81.3322167256,7.8449639827
ZIF-8_v2_EQeq,0.1,0.04,0.0,0.03,0.01,0.82,1.3063316859,0.0898490344,7.7588035466,0.6298872914,0.0000000000,0.0000000000,0.8025018491,0.0999293968,14.7548193420,1.1840161270,7.9445340643,0.7960655199,32.5669904879,2.7997473695
ZIF-8_v2_EQeq,0.1,0.04,0.0,0.03,0.02,0.81,1.2719159968,0.0642712502,8.3568737914,0.7789679626,0.0000000000,0.0000000000,0.8307692976,0.0498296511,31.5451626802,5.9306014180,7.8470944470,0.4140489043,49.8518162130,7.2377191862
ZIF-8_v2_EQeq,0.1,0.04,0.0,0.03,0.03,0.8,1.2675225046,0.0767150655,8.6236896414,0.5220895501,0.0000000000,0.0000000000,0.7815765950,0.0827227811,46.7281439662,9.2426865215,7.5522113945,0.4334636581,64.9531441017,10.3576775763
ZIF-8_v2_EQeq,0.1,0.0,0.0,0.02,0.0,0.88,1.3348893853,0.1117825073,0.0000000000,0.0000000000,0.0000000000,0.0000000000,0.5363473017,0.0624043334,0.0000000000,0.0000000000,9.0221393062,0.3532040697,10.8933759932,.5273909104
ZIF-8_v2_EQeq,0.1,0.04,0.01,0.0,0.0,0.85,1.3912725354,0.1334220634,7.7980707849,0.6554291173,0.0011532663,0.0011299656,0.0000000000,0.0000000000,0.0000000000,0.0000000000,8.3669860895,0.3466558141,17.5574826761,1.1366369604
ZIF-8_v2_EQeq,0.1,0.04,0.01,0.0,0.01,0.84,1.2828997274,0.1349087506,8.1645650090,0.4140305792,0.0013377889,0.0006779794,0.0000000000,0.0000000000,15.0940733414,1.7803084601,8.1086428935,0.4477706367,32.6515187602,2.7776964060
ZIF-8_v2_EQeq,0.1,0.04,0.01,0.0,0.02,0.83,1.2887577170,0.0816711745,8.1112018390,0.7264535025,0.0011993970,0.0007936618,0.0000000000,0.0000000000,32.1246241089,6.3196605489,7.9990233240,0.3696497518,49.5248063859,7.4982286395
ZIF-8_v2_EQeq,0.1,0.04,0.01,0.0,0.03,0.82,1.2096748571,0.1503946856,8.6186553801,0.6833849812,0.0008764824,0.0007380904,0.0000000000,0.0000000000,47.9595969891,6.1300839137,7.6720877658,0.1802981225,65.4608914745,7.1448997934
ZIF-8_v2_EQeq,0.1,0.04,0.01,0.01,0.0,0.84,1.3451408671,0.1412006397,7.5856249572,0.4476316151,0.0007380904,0.0005379712,0.2577110238,0.0305032613,0.0000000000,0.0000000000,8.2253140143,0.3369607224,17.4145289528,.9568342097
ZIF-8_v2_EQeq,0.1,0.04,0.01,0.01,0.01,0.83,1.2821674787,0.2534638454,8.1162361003,0.4200589576,0.0008764824,0.0006779794,0.2745980710,0.0559454016,14.9692902612,1.6039404604,8.3163431305,0.3953486559,32.9595115241,2.7294353003
ZIF-8_v2_EQeq,0.1,0.04,0.01,0.01,0.02,0.82,1.2814352300,0.1283421223,8.3679491663,0.1705597037,0.0010610050,0.0010356306,0.2643189988,0.0429377154,29.2452545328,2.7951018279,7.6579846633,0.2602189738,46.8180035962,3.3981959737
ZIF-8_v2_EQeq,0.1,0.04,0.01,0.01,0.03,0.8099999999999999,1.2375003078,0.0795425692,8.8512382531,0.5903761338,0.0005535678,0.0008555961,0.2577110238,0.0487358030,46.2695661464,2.4667580524,7.4490023261,0.3060166716,64.0655716250,3.4922848261
ZIF-8_v2_EQeq,0.1,0.04,0.01,0.02,0.0,0.83,1.2990091988,0.1581657198,7.5332686394,0.3209064202,0.0009687437,0.0009408844,0.5275366684,0.0376247169,0.0000000000,0.0000000000,8.3676271396,0.4533380226,17.7284103899,.9709757639
ZIF-8_v2_EQeq,0.1,0.04,0.01,0.02,0.01,0.82,1.2345713130,0.1188320304,7.9430575109,0.6638936768,0.0008764824,0.0005379712,0.5403855086,0.0484028285,14.3695515818,3.5561638565,8.1086428935,0.3683534423,32.1970852902,4.7561838057
ZIF-8_v2_EQeq,0.1,0.0,0.0,0.02,0.01,0.87,1.3414796236,0.0309282991,0.0000000000,0.0000000000,0.0000000000,0.0000000000,0.4970665616,0.0666240932,15.0745759851,2.0489494814,8.7009731990,0.8206803579,25.6140953693,2.9671822316
ZIF-8_v2_EQeq,0.1,0.04,0.01,0.02,0.02,0.81,1.2799707325,0.1759592262,8.3629149050,0.3765896670,0.0011993970,0.0003452102,0.5168904865,0.0844384279,29.6897942561,3.0864521672,7.9028658069,0.6471952550,47.7536355840,4.3709799535
ZIF-8_v2_EQeq,0.1,0.04,0.01,0.02,0.03,0.8,1.2199263389,0.0690646791,8.4535316088,0.7414808990,0.0008764824,0.0010680018,0.5198273643,0.0846552150,44.9086506777,5.3871323986,7.3836152145,0.2838223590,62.4864276866,6.5672235525
ZIF-8_v2_EQeq,0.1,0.04,0.01,0.03,0.0,0.82,1.3575890950,0.2323617938,7.7668583647,0.6345374366,0.0010148743,0.0004704422,0.8157177990,0.0590396440,0.0000000000,0.0000000000,8.2419813173,0.4816262025,18.1831614503,1.4080355191
ZIF-8_v2_EQeq,0.1,0.04,0.01,0.03,0.01,0.8099999999999999,1.2704514994,0.2183525851,7.7588035466,0.3609758447,0.0004613065,0.0009676447,0.7852476922,0.0918918970,13.7877504703,2.4095849868,7.9374825131,0.8192670619,31.5401970281,3.9010400202
ZIF-8_v2_EQeq,0.1,0.04,0.01,0.03,0.02,0.8,1.2894899657,0.0811971037,8.6277170504,0.8232431964,0.0011532663,0.0012029402,0.8105782629,0.1078478140,31.1801721705,4.1800731315,7.6746519663,0.5528305575,49.5837626821,5.7463947433
ZIF-8_v2_EQeq,0.1,0.04,0.01,0.03,0.03,0.79,1.2741127429,0.1291749807,8.8049230489,0.7503042535,0.0006919598,0.0006523859,0.8061729463,0.0993613503,47.7685228975,5.6154682408,7.2983555493,0.4441695566,65.9527791447,7.0391307678
ZIF-8_v2_EQeq,0.1,0.04,0.02,0.0,0.0,0.84,1.3261024008,0.0635666107,7.9088245339,0.5669570705,0.0020297487,0.0016348745,0.0000000000,0.0000000000,0.0000000000,0.0000000000,8.5048118641,0.6969084556,17.7417685475,1.3290670113
ZIF-8_v2_EQeq,0.1,0.04,0.02,0.0,0.01,0.83,1.2814352300,0.1623545813,8.0205851352,0.5451675012,0.0014761809,0.0003690452,0.0000000000,0.0000000000,14.3235378210,1.3477818271,8.2657001715,0.5711522683,31.8927345386,2.6268252231
ZIF-8_v2_EQeq,0.1,0.04,0.02,0.0,0.02,0.8200000000000001,1.2426260487,0.1106253074,8.4213123363,0.6337061282,0.0016145728,0.0012029402,0.0000000000,0.0000000000,28.3998491643,5.3751701385,7.8131187909,0.6220578020,45.8785209130,6.7427623163
ZIF-8_v2_EQeq,0.1,0.04,0.02,0.0,0.03,0.81,1.2653257585,0.1450222207,8.7273954246,0.7468808106,0.0014761809,0.0005535678,0.0000000000,0.0000000000,47.6141038358,6.0929751371,7.3932309662,0.2697473068,65.0015321660,7.2551790430
